{"producer":{"name":"Blender","version":"2.91.2","exporter_version":"2.80.1","file":"Chicken.babylon"},
"autoClear":true,"clearColor":[1,1,1],"gravity":[0,-9.81,0],
"materials":[{"name":"Texture","id":"Texture","customType":"BABYLON.PBRMaterial","backFaceCulling":true,"checkReadyOnlyOnce":false,"maxSimultaneousLights":4,"environmentIntensity":1,"roughness":0.2,"alpha":1,"transparencyMode":0,"alphaCutOff":0.4, 
"albedoTexture":{"name":"Chicken_Texture.png","level":1,"hasAlpha":true,"coordinatesMode":0,"uOffset":0,"vOffset":0,"uScale":1,"vScale":1,"uAng":0,"vAng":0,"wAng":0,"wrapU":1,"wrapV":1,"coordinatesIndex":0},"useAlphaFromAlbedoTexture":true}],
"multiMaterials":[],
"skeletons":[{"name":"MonsterArmature","id":0,"dimensionsAtRest":[0.4909,1.738,0.7992],"bones":[
{"name":"Body","index":0,"matrix":[0,0,1,0,0,1,0,0,1,0,0,0,0,0,0,1],"rest":[0,0,1,0,0,1,0,0,1,0,0,0,0,0,0,1],"parentBoneIndex":-1,"length":0.4729
,"animation":{"dataType":3,"framePerSecond":24,"keys":[
{"frame":0,"values":[0,0,1,0,0,1,0,0,1,0,0,0,0,0,0,1]},
{"frame":12,"values":[0,0,1,0,0,1,0,0,1,0,0,0,0,0,0,1]},
{"frame":20,"values":[0,0,1,0,0,1,0,0,1,0,0,0,-0.0373,0,0,1]},
{"frame":21,"values":[0,0,1,0,0,1,0,0,1,0,0,0,-0.0366,0,0,1]},
{"frame":22,"values":[0,0,1,0,0,1,0,0,1,0,0,0,-0.0342,0,0,1]},
{"frame":23,"values":[0,0,1,0,0,1,0,0,1,0,0,0,-0.0291,0,0,1]},
{"frame":24,"values":[0,0,1,0,0,1,0,0,1,0,0,0,-0.0191,0,0,1]},
{"frame":25,"values":[0,0,1,0,0,1,0,0,1,0,0,0,0.0017,0,0,1]},
{"frame":26,"values":[0,0,1,0,0,1,0,0,1,0,0,0,-0.0274,0,0,1]},
{"frame":27,"values":[0,0,1,0,0,1,0,0,1,0,0,0,-0.0354,0,0,1]},
{"frame":28,"values":[0,0,1,0,0,1,0,0,1,0,0,0,-0.0373,0,0,1]},
{"frame":29,"values":[0,0,1,0,0,1,0,0,1,0,0,0,-0.0366,0,0,1]},
{"frame":30,"values":[0,0,1,0,0,1,0,0,1,0,0,0,-0.0342,0,0,1]},
{"frame":31,"values":[0,0,1,0,0,1,0,0,1,0,0,0,-0.0291,0,0,1]},
{"frame":32,"values":[0,0,1,0,0,1,0,0,1,0,0,0,-0.0191,0,0,1]},
{"frame":33,"values":[0,0,1,0,0,1,0,0,1,0,0,0,0.0017,0,0,1]},
{"frame":34,"values":[0,0,1,0,0,1,0,0,1,0,0,0,-0.0053,0,0,1]},
{"frame":35,"values":[0,0,1,0,0,1,0,0,1,0,0,0,-0.0072,0,0,1]},
{"frame":36,"values":[0,0,1,0,0,1,0,0,1,0,0,0,-0.0077,0,0,1]},
{"frame":50,"values":[0,0,1,0,0,1,0,0,1,0,0,0,0,0,0,1]},
{"frame":70,"values":[0,0,1,0,0,1,0,0,1,0,0,0,0,0,0,1]},
{"frame":80,"values":[0,0,1,0,0,1,0,0,1,0,0,0,0,0,0,1]},
{"frame":81,"values":[0,0,1,0,0.0018,1,0,0,1,-0.0018,0,0,-0.0022,0.0003,0,1]},
{"frame":82,"values":[0,0,1,0,0.008,1,0,0,1,-0.008,0,0,-0.0098,0.0016,0,1]},
{"frame":83,"values":[0,0,1,0,0.0211,0.9998,0,0,0.9998,-0.0211,0,0,-0.0258,0.0042,0,1]},
{"frame":84,"values":[0,0,1,0,0.0474,0.9989,0,0,0.9989,-0.0474,0,0,-0.0579,0.0097,0,1]},
{"frame":85,"values":[0,0,1,0,0.1016,0.9948,0,0,0.9948,-0.1016,0,0,-0.124,0.0246,0,1]},
{"frame":86,"values":[0,0,1,0,-0.1185,0.993,0,0,0.993,0.1185,0,0,0.0741,0.0655,0,1]},
{"frame":87,"values":[0,0,1,0,-0.4677,0.8839,0,0,0.8839,0.4677,0,0,0.2978,0.1427,0,1]},
{"frame":88,"values":[0,0,1,0,-0.7004,0.7138,0,0,0.7138,0.7004,0,0,0.3354,0.2404,0,1]},
{"frame":89,"values":[0,0,1,0,-0.8887,0.4584,0,0,0.4584,0.8887,0,0,0.3576,0.3663,0,1]},
{"frame":90,"values":[0,0,1,0,-0.9714,0.2377,0,0,0.2377,0.9714,0,0,0.3652,0.4675,0,1]},
{"frame":91,"values":[0,0,1,0,-0.987,0.1607,0,0,0.1607,0.987,0,0,0.3661,0.5026,0,1]},
{"frame":100,"values":[0,0,1,0,0,1,0,0,1,0,0,0,0,0,0,1]},
{"frame":101,"values":[0,0,1,0,-0.006,1,0,0,1,0.006,0,0,0.0015,0.0001,0,1]},
{"frame":102,"values":[0,0,1,0,-0.0313,0.9995,0,0,0.9995,0.0313,0,0,0.0075,0.0005,0,1]},
{"frame":103,"values":[0,0,1,0,-0.123,0.9924,0,0,0.9924,0.123,0,0,0.0297,0.0018,0,1]},
{"frame":104,"values":[0,0,1,0,-0.0685,0.9976,0,0,0.9976,0.0685,0,0,0.0165,0.001,0,1]},
{"frame":105,"values":[0,0,1,0,-0.0352,0.9994,0,0,0.9994,0.0352,0,0,0.0085,0.0005,0,1]},
{"frame":106,"values":[0,0,1,0,-0.017,0.9999,0,0,0.9999,0.017,0,0,0.0041,0.0003,0,1]},
{"frame":107,"values":[0,0,1,0,-0.0067,1,0,0,1,0.0067,0,0,0.0016,0.0001,0,1]},
{"frame":108,"values":[0,0,1,0,-0.0015,1,0,0,1,0.0015,0,0,0.0004,0,0,1]},
{"frame":109,"values":[0,0,1,0,0,1,0,0,1,0,0,0,0,0,0,1]},
{"frame":120,"values":[0,0,1,0,0,1,0,0,1,0,0,0,0,0,0,1]},
{"frame":180,"values":[0,0,1,0,0,1,0,0,1,0,0,0,0,0,0,1]},
{"frame":190,"values":[0,0,1,0,0,1,0,0,1,0,0,0,0,0,0,1]},
{"frame":196,"values":[0,0,1,0,0,1,0,0,1,0,0,0,0,0.0803,0,1]},
{"frame":197,"values":[0,0,1,0,0,1,0,0,1,0,0,0,0,0.2905,0,1]},
{"frame":198,"values":[0,0,1,0,0,1,0,0,1,0,0,0,0,0.5007,0,1]},
{"frame":199,"values":[0,0,1,0,0,1,0,0,1,0,0,0,0,0.581,0,1]},
{"frame":200,"values":[0,0,1,0,0,1,0,0,1,0,0,0,0,0.5007,0,1]},
{"frame":201,"values":[0,0,1,0,0,1,0,0,1,0,0,0,0,0.2905,0,1]},
{"frame":202,"values":[0,0,1,0,0,1,0,0,1,0,0,0,0,0.0803,0,1]},
{"frame":203,"values":[0,0,1,0,0,1,0,0,1,0,0,0,0,0,0,1]},
{"frame":210,"values":[0,0,1,0,0,1,0,0,1,0,0,0,0,0,0,1]},
{"frame":222,"values":[0,0,1,0,0,1,0,0,1,0,0,0,0,0,0,1]},
{"frame":230,"values":[0,0,1,0,0,1,0,0,1,0,0,0,0,0,0,1]},
{"frame":231,"values":[0,0,1,0,0.0153,0.9999,0,0,0.9999,-0.0153,0,0,-0.0295,0.0024,0,1]},
{"frame":232,"values":[0,0,1,0,0.0585,0.9983,0,0,0.9983,-0.0585,0,0,-0.1124,0.0126,0,1]},
{"frame":233,"values":[0,0,1,0,0.1138,0.9935,0,0,0.9935,-0.1138,0,0,-0.2189,0.0351,0,1]},
{"frame":234,"values":[0,0,1,0,0.1566,0.9877,0,0,0.9877,-0.1566,0,0,-0.3019,0.071,0,1]},
{"frame":235,"values":[0,0,1,0,0.1717,0.9852,0,0,0.9852,-0.1717,0,0,-0.3313,0.117,0,1]},
{"frame":236,"values":[0,0,1,0,0.1497,0.9887,0,0,0.9887,-0.1497,0,0,-0.2763,0.1978,0,1]},
{"frame":237,"values":[0,0,1,0,0.0828,0.9966,0,0,0.9966,-0.0828,0,0,-0.1333,0.3019,0,1]},
{"frame":238,"values":[0,0,1,0,0,1,0,0,1,0,0,0,0,0.3447,0,1]},
{"frame":239,"values":[0,0,1,0,-0.1242,0.9923,0,0,0.9923,0.1242,0,0,0.1245,0.2451,0,1]},
{"frame":240,"values":[0,0,1,0,-0.2013,0.9795,0,0,0.9795,0.2013,0,0,0.189,0.0999,0,1]},
{"frame":241,"values":[0,0,1,0,-0.1532,0.9882,0,0,0.9882,0.1532,0,0,0.1433,0.0353,0,1]},
{"frame":242,"values":[0,0,1,0,-0.0489,0.9988,0,0,0.9988,0.0489,0,0,0.0456,0.0051,0,1]},
{"frame":243,"values":[0,0,1,0,0,1,0,0,1,0,0,0,0,0,0,1]},
{"frame":250,"values":[0,0,1,0,0,1,0,0,1,0,0,0,0,0,0,1]},
{"frame":262,"values":[0,0,1,0,0,1,0,0,1,0,0,0,0,0,0,1]}],"loopBehavior":1,"name":"anim","property":"_matrix"}},
{"name":"Head","index":1,"matrix":[0,0,1,0,0,1,0,0,1,0,0,0,0,0.4832,0,1],"rest":[0,0,1,0,0,1,0,0,1,0,0,0,0,0.4729,0,1],"parentBoneIndex":-1,"length":0.5166
,"animation":{"dataType":3,"framePerSecond":24,"keys":[
{"frame":0,"values":[0,0,1,0,0,1,0,0,1,0,0,0,0,0.4832,0,1]},
{"frame":1,"values":[0,0,1,0,-0.0212,0.9998,0,0,0.9998,0.0212,0,0,-0.0039,0.4876,0,1]},
{"frame":2,"values":[0,0,1,0,-0.112,0.9937,0,0,0.9937,0.112,0,0,-0.0207,0.5067,0,1]},
{"frame":3,"values":[0,0,1,0,-0.3836,0.9235,0,0,0.9235,0.3836,0,0,-0.0724,0.5711,0,1]},
{"frame":4,"values":[0,0,1,0,-0.3227,0.9465,0,0,0.9465,0.3227,0,0,-0.0073,0.5963,0,1]},
{"frame":5,"values":[0,0,1,0,-0.1562,0.9877,0,0,0.9877,0.1562,0,0,0.1629,0.6212,0,1]},
{"frame":6,"values":[0,0,1,0,0.0148,0.9999,0,0,0.9999,-0.0148,0,0,0.3331,0.6381,0,1]},
{"frame":7,"values":[0,0,1,0,0.0798,0.9968,0,0,0.9968,-0.0798,0,0,0.3982,0.6435,0,1]},
{"frame":9,"values":[0,0,1,0,0.0345,0.9994,0,0,0.9994,-0.0345,0,0,0.1719,0.5524,0,1]},
{"frame":10,"values":[0,0,1,0,0.0118,0.9999,0,0,0.9999,-0.0118,0,0,0.0587,0.5068,0,1]},
{"frame":11,"values":[0,0,1,0,0.0025,1,0,0,1,-0.0025,0,0,0.0123,0.4881,0,1]},
{"frame":12,"values":[0,0,1,0,0,1,0,0,1,0,0,0,0,0.4832,0,1]},
{"frame":20,"values":[0,0,1,0,-0.1706,0.9853,0,0,0.9853,0.1706,0,0,0,0.4729,0,1]},
{"frame":21,"values":[0,0,1,0,-0.1659,0.9861,0,0,0.9861,0.1659,0,0,0,0.4729,0,1]},
{"frame":22,"values":[0,0,1,0,-0.1483,0.9889,0,0,0.9889,0.1483,0,0,0,0.4729,0,1]},
{"frame":23,"values":[0,0,1,0,-0.1052,0.9944,0,0,0.9944,0.1052,0,0,0,0.4729,0,1]},
{"frame":24,"values":[0,0,1,0,-0.0186,0.9998,0,0,0.9998,0.0186,0,0,0,0.4729,0,1]},
{"frame":25,"values":[0,0,1,0,-0.1052,0.9944,0,0,0.9944,0.1052,0,0,0,0.4729,0,1]},
{"frame":26,"values":[0,0,1,0,-0.1483,0.9889,0,0,0.9889,0.1483,0,0,0,0.4729,0,1]},
{"frame":27,"values":[0,0,1,0,-0.1659,0.9861,0,0,0.9861,0.1659,0,0,0,0.4729,0,1]},
{"frame":28,"values":[0,0,1,0,-0.1706,0.9853,0,0,0.9853,0.1706,0,0,0,0.4729,0,1]},
{"frame":29,"values":[0,0,1,0,-0.1659,0.9861,0,0,0.9861,0.1659,0,0,0,0.4729,0,1]},
{"frame":30,"values":[0,0,1,0,-0.1483,0.9889,0,0,0.9889,0.1483,0,0,0,0.4729,0,1]},
{"frame":31,"values":[0,0,1,0,-0.1052,0.9944,0,0,0.9944,0.1052,0,0,0,0.4729,0,1]},
{"frame":32,"values":[0,0,1,0,-0.0186,0.9998,0,0,0.9998,0.0186,0,0,0,0.4729,0,1]},
{"frame":33,"values":[0,0,1,0,-0.1052,0.9944,0,0,0.9944,0.1052,0,0,0,0.4729,0,1]},
{"frame":34,"values":[0,0,1,0,-0.1483,0.9889,0,0,0.9889,0.1483,0,0,0,0.4729,0,1]},
{"frame":35,"values":[0,0,1,0,-0.1659,0.9861,0,0,0.9861,0.1659,0,0,0,0.4729,0,1]},
{"frame":36,"values":[0,0,1,0,-0.1706,0.9853,0,0,0.9853,0.1706,0,0,0,0.4729,0,1]},
{"frame":50,"values":[0,0.4438,0.8961,0,0,0.8961,-0.4438,0,1,0,0,0,0,0.5345,-0.0492,1]},
{"frame":51,"values":[0,0.4255,0.9049,0,0,0.9049,-0.4255,0,1,0,0,0,0,0.5345,-0.047,1]},
{"frame":52,"values":[0,0.3692,0.9293,0,0,0.9293,-0.3692,0,1,0,0,0,0,0.5345,-0.0404,1]},
{"frame":53,"values":[0,0.2738,0.9618,0,0,0.9618,-0.2738,0,1,0,0,0,0,0.5345,-0.0298,1]},
{"frame":54,"values":[0,0.1438,0.9896,0,0,0.9896,-0.1438,0,1,0,0,0,0,0.5345,-0.0158,1]},
{"frame":55,"values":[0,-0.0066,1,0,0,1,0.0066,0,1,0,0,0,0,0.5345,0,1]},
{"frame":56,"values":[0,-0.1555,0.9878,0,0,0.9878,0.1555,0,1,0,0,0,0,0.5345,0.0158,1]},
{"frame":57,"values":[0,-0.2817,0.9595,0,0,0.9595,0.2817,0,1,0,0,0,0,0.5345,0.0298,1]},
{"frame":58,"values":[0,-0.3731,0.9278,0,0,0.9278,0.3731,0,1,0,0,0,0,0.5345,0.0404,1]},
{"frame":59,"values":[0,-0.4265,0.9045,0,0,0.9045,0.4265,0,1,0,0,0,0,0.5345,0.047,1]},
{"frame":60,"values":[0,-0.4438,0.8961,0,0,0.8961,0.4438,0,1,0,0,0,0,0.5345,0.0492,1]},
{"frame":61,"values":[0,-0.4265,0.9045,0,0,0.9045,0.4265,0,1,0,0,0,0,0.5345,0.047,1]},
{"frame":62,"values":[0,-0.3731,0.9278,0,0,0.9278,0.3731,0,1,0,0,0,0,0.5345,0.0404,1]},
{"frame":63,"values":[0,-0.2817,0.9595,0,0,0.9595,0.2817,0,1,0,0,0,0,0.5345,0.0298,1]},
{"frame":64,"values":[0,-0.1555,0.9878,0,0,0.9878,0.1555,0,1,0,0,0,0,0.5345,0.0158,1]},
{"frame":65,"values":[0,-0.0066,1,0,0,1,0.0066,0,1,0,0,0,0,0.5345,0,1]},
{"frame":66,"values":[0,0.1438,0.9896,0,0,0.9896,-0.1438,0,1,0,0,0,0,0.5345,-0.0158,1]},
{"frame":67,"values":[0,0.2738,0.9618,0,0,0.9618,-0.2738,0,1,0,0,0,0,0.5345,-0.0298,1]},
{"frame":68,"values":[0,0.3692,0.9293,0,0,0.9293,-0.3692,0,1,0,0,0,0,0.5345,-0.0404,1]},
{"frame":69,"values":[0,0.4255,0.9049,0,0,0.9049,-0.4255,0,1,0,0,0,0,0.5345,-0.047,1]},
{"frame":70,"values":[0,0.4438,0.8961,0,0,0.8961,-0.4438,0,1,0,0,0,0,0.5345,-0.0492,1]},
{"frame":80,"values":[0,0,1,0,0,1,0,0,1,0,0,0,0,0.4832,0,1]},
{"frame":81,"values":[-0.0002,0.0062,1,0,0.0045,1,-0.0062,0,1,-0.0045,0.0002,0,0.0014,0.4841,0,1]},
{"frame":82,"values":[-0.0008,0.033,0.9995,0,0.0237,0.9992,-0.0329,0,0.9997,-0.0237,0.0016,0,0.0076,0.4878,0,1]},
{"frame":83,"values":[0,0.1154,0.9933,0,0.0832,0.9899,-0.115,0,0.9965,-0.0826,0.0096,0,0.0268,0.4993,0,1]},
{"frame":84,"values":[-0.0086,0.0183,0.9998,0,0.0237,0.9996,-0.0181,0,0.9997,-0.0235,0.0091,0,0.0251,0.4964,0,1]},
{"frame":85,"values":[-0.0062,-0.0802,0.9968,0,-0.1308,0.9883,0.0787,0,0.9914,0.1298,0.0166,0,0.0194,0.4912,0,1]},
{"frame":86,"values":[0.0009,-0.0401,0.9992,0,-0.3253,0.9448,0.0382,0,0.9456,0.3251,0.0122,0,0.0112,0.486,0,1]},
{"frame":87,"values":[0,0,1,0,-0.5346,0.8451,0,0,0.8451,0.5346,0,0,0,0.4832,0,1]},
{"frame":88,"values":[0,0,1,0,-0.742,0.6704,0,0,0.6704,0.742,0,0,-0.0153,0.4995,0,1]},
{"frame":89,"values":[0,0,1,0,-0.9201,0.3916,0,0,0.3916,0.9201,0,0,-0.0347,0.5421,0,1]},
{"frame":90,"values":[0,0,1,0,-0.9897,0.1434,0,0,0.1434,0.9897,0,0,-0.0501,0.5848,0,1]},
{"frame":91,"values":[0,0,1,0,-0.9984,0.0564,0,0,0.0564,0.9984,0,0,-0.0555,0.6011,0,1]},
{"frame":100,"values":[0,0,1,0,0,1,0,0,1,0,0,0,0,0.4832,0,1]},
{"frame":101,"values":[0,0,1,0,-0.0247,0.9997,0,0,0.9997,0.0247,0,0,-0.0016,0.4831,0,1]},
{"frame":102,"values":[0,0,1,0,-0.1305,0.9915,0,0,0.9915,0.1305,0,0,-0.0085,0.4827,0,1]},
{"frame":103,"values":[0,0,1,0,-0.4433,0.8964,0,0,0.8964,0.4433,0,0,-0.0297,0.4814,0,1]},
{"frame":104,"values":[0,0,1,0,-0.3128,0.9498,0,0,0.9498,0.3128,0,0,-0.0206,0.4819,0,1]},
{"frame":105,"values":[0,0,1,0,-0.1625,0.9867,0,0,0.9867,0.1625,0,0,-0.0106,0.4825,0,1]},
{"frame":106,"values":[0,0,1,0,-0.0771,0.997,0,0,0.997,0.0771,0,0,-0.005,0.4829,0,1]},
{"frame":107,"values":[0,0,1,0,-0.0299,0.9996,0,0,0.9996,0.0299,0,0,-0.0019,0.4831,0,1]},
{"frame":108,"values":[0,0,1,0,-0.0067,1,0,0,1,0.0067,0,0,-0.0004,0.4832,0,1]},
{"frame":109,"values":[0,0,1,0,0,1,0,0,1,0,0,0,0,0.4832,0,1]},
{"frame":120,"values":[0,0,1,0,0,1,0,0,1,0,0,0,0,0.4832,0,1]},
{"frame":121,"values":[0,0,1,0,0,1,0,0,1,0,0,0,0,0.4833,0,1]},
{"frame":122,"values":[0,0,1,0,0,1,0,0,1,0,0,0,0,0.4836,0,1]},
{"frame":123,"values":[0,0,1,0,0,1,0,0,1,0,0,0,0,0.4842,0,1]},
{"frame":124,"values":[0,0,1,0,0,1,0,0,1,0,0,0,0,0.485,0,1]},
{"frame":125,"values":[0,0,1,0,0,1,0,0,1,0,0,0,0,0.486,0,1]},
{"frame":126,"values":[0,0,1,0,0,1,0,0,1,0,0,0,0,0.4872,0,1]},
{"frame":127,"values":[0,0,1,0,0,1,0,0,1,0,0,0,0,0.4886,0,1]},
{"frame":128,"values":[0,0,1,0,0,1,0,0,1,0,0,0,0,0.4903,0,1]},
{"frame":129,"values":[0,0,1,0,0,1,0,0,1,0,0,0,0,0.4921,0,1]},
{"frame":130,"values":[0,0,1,0,0,1,0,0,1,0,0,0,0,0.4941,0,1]},
{"frame":131,"values":[0,0,1,0,0,1,0,0,1,0,0,0,0,0.4963,0,1]},
{"frame":132,"values":[0,0,1,0,0,1,0,0,1,0,0,0,0,0.4985,0,1]},
{"frame":133,"values":[0,0,1,0,0,1,0,0,1,0,0,0,0,0.5009,0,1]},
{"frame":134,"values":[0,0,1,0,0,1,0,0,1,0,0,0,0,0.5033,0,1]},
{"frame":135,"values":[0,0,1,0,0,1,0,0,1,0,0,0,0,0.5058,0,1]},
{"frame":136,"values":[0,0,1,0,0,1,0,0,1,0,0,0,0,0.5083,0,1]},
{"frame":137,"values":[0,0,1,0,0,1,0,0,1,0,0,0,0,0.5107,0,1]},
{"frame":138,"values":[0,0,1,0,0,1,0,0,1,0,0,0,0,0.5131,0,1]},
{"frame":139,"values":[0,0,1,0,0,1,0,0,1,0,0,0,0,0.5153,0,1]},
{"frame":140,"values":[0,0,1,0,0,1,0,0,1,0,0,0,0,0.5175,0,1]},
{"frame":141,"values":[0,0,1,0,0,1,0,0,1,0,0,0,0,0.5195,0,1]},
{"frame":142,"values":[0,0,1,0,0,1,0,0,1,0,0,0,0,0.5213,0,1]},
{"frame":143,"values":[0,0,1,0,0,1,0,0,1,0,0,0,0,0.5229,0,1]},
{"frame":144,"values":[0,0,1,0,0,1,0,0,1,0,0,0,0,0.5244,0,1]},
{"frame":145,"values":[0,0,1,0,0,1,0,0,1,0,0,0,0,0.5256,0,1]},
{"frame":146,"values":[0,0,1,0,0,1,0,0,1,0,0,0,0,0.5266,0,1]},
{"frame":147,"values":[0,0,1,0,0,1,0,0,1,0,0,0,0,0.5274,0,1]},
{"frame":148,"values":[0,0,1,0,0,1,0,0,1,0,0,0,0,0.5279,0,1]},
{"frame":149,"values":[0,0,1,0,0,1,0,0,1,0,0,0,0,0.5283,0,1]},
{"frame":150,"values":[0,0,1,0,0,1,0,0,1,0,0,0,0,0.5284,0,1]},
{"frame":151,"values":[0,0,1,0,0,1,0,0,1,0,0,0,0,0.5283,0,1]},
{"frame":152,"values":[0,0,1,0,0,1,0,0,1,0,0,0,0,0.5279,0,1]},
{"frame":153,"values":[0,0,1,0,0,1,0,0,1,0,0,0,0,0.5274,0,1]},
{"frame":154,"values":[0,0,1,0,0,1,0,0,1,0,0,0,0,0.5266,0,1]},
{"frame":155,"values":[0,0,1,0,0,1,0,0,1,0,0,0,0,0.5256,0,1]},
{"frame":156,"values":[0,0,1,0,0,1,0,0,1,0,0,0,0,0.5244,0,1]},
{"frame":157,"values":[0,0,1,0,0,1,0,0,1,0,0,0,0,0.5229,0,1]},
{"frame":158,"values":[0,0,1,0,0,1,0,0,1,0,0,0,0,0.5213,0,1]},
{"frame":159,"values":[0,0,1,0,0,1,0,0,1,0,0,0,0,0.5195,0,1]},
{"frame":160,"values":[0,0,1,0,0,1,0,0,1,0,0,0,0,0.5175,0,1]},
{"frame":161,"values":[0,0,1,0,0,1,0,0,1,0,0,0,0,0.5153,0,1]},
{"frame":162,"values":[0,0,1,0,0,1,0,0,1,0,0,0,0,0.5131,0,1]},
{"frame":163,"values":[0,0,1,0,0,1,0,0,1,0,0,0,0,0.5107,0,1]},
{"frame":164,"values":[0,0,1,0,0,1,0,0,1,0,0,0,0,0.5083,0,1]},
{"frame":165,"values":[0,0,1,0,0,1,0,0,1,0,0,0,0,0.5058,0,1]},
{"frame":166,"values":[0,0,1,0,0,1,0,0,1,0,0,0,0,0.5033,0,1]},
{"frame":167,"values":[0,0,1,0,0,1,0,0,1,0,0,0,0,0.5009,0,1]},
{"frame":168,"values":[0,0,1,0,0,1,0,0,1,0,0,0,0,0.4985,0,1]},
{"frame":169,"values":[0,0,1,0,0,1,0,0,1,0,0,0,0,0.4963,0,1]},
{"frame":170,"values":[0,0,1,0,0,1,0,0,1,0,0,0,0,0.4941,0,1]},
{"frame":171,"values":[0,0,1,0,0,1,0,0,1,0,0,0,0,0.4921,0,1]},
{"frame":172,"values":[0,0,1,0,0,1,0,0,1,0,0,0,0,0.4903,0,1]},
{"frame":173,"values":[0,0,1,0,0,1,0,0,1,0,0,0,0,0.4886,0,1]},
{"frame":174,"values":[0,0,1,0,0,1,0,0,1,0,0,0,0,0.4872,0,1]},
{"frame":175,"values":[0,0,1,0,0,1,0,0,1,0,0,0,0,0.486,0,1]},
{"frame":176,"values":[0,0,1,0,0,1,0,0,1,0,0,0,0,0.485,0,1]},
{"frame":177,"values":[0,0,1,0,0,1,0,0,1,0,0,0,0,0.4842,0,1]},
{"frame":178,"values":[0,0,1,0,0,1,0,0,1,0,0,0,0,0.4836,0,1]},
{"frame":179,"values":[0,0,1,0,0,1,0,0,1,0,0,0,0,0.4833,0,1]},
{"frame":180,"values":[0,0,1,0,0,1,0,0,1,0,0,0,0,0.4832,0,1]},
{"frame":190,"values":[0,0,1,0,0,1,0,0,1,0,0,0,0,0.4729,0,1]},
{"frame":191,"values":[0,0,1,0,0.0446,0.999,0,0,0.999,-0.0446,0,0,0,0.4406,0,1]},
{"frame":192,"values":[0,0,1,0,0.0891,0.996,0,0,0.996,-0.0891,0,0,0,0.4082,0,1]},
{"frame":193,"values":[0,0,1,0,0.0733,0.9973,0,0,0.9973,-0.0733,0,0,0,0.4515,0,1]},
{"frame":194,"values":[0,0,1,0,0.0288,0.9996,0,0,0.9996,-0.0288,0,0,0,0.5733,0,1]},
{"frame":195,"values":[0,0,1,0,-0.0286,0.9996,0,0,0.9996,0.0286,0,0,0,0.7297,0,1]},
{"frame":196,"values":[0,0,1,0,-0.0732,0.9973,0,0,0.9973,0.0732,0,0,0,0.8515,0,1]},
{"frame":197,"values":[0,0,1,0,-0.089,0.996,0,0,0.996,0.089,0,0,0,0.8948,0,1]},
{"frame":200,"values":[0,0,1,0,-0.0767,0.9971,0,0,0.9971,0.0767,0,0,0,0.8364,0,1]},
{"frame":201,"values":[0,0,1,0,-0.0445,0.999,0,0,0.999,0.0445,0,0,0,0.6838,0,1]},
{"frame":202,"values":[0,0,1,0,-0.0123,0.9999,0,0,0.9999,0.0123,0,0,0,0.5312,0,1]},
{"frame":203,"values":[0,0,1,0,0,1,0,0,1,0,0,0,0,0.4729,0,1]},
{"frame":210,"values":[0.2104,0,0.9776,0,0,1,0,0,0.9776,0,-0.2104,0,0,0.4729,0,1]},
{"frame":211,"values":[0.2006,0,0.9797,0,0,1,0,0,0.9797,0,-0.2006,0,0,0.4729,0,1]},
{"frame":212,"values":[0.1641,0,0.9864,0,0,1,0,0,0.9864,0,-0.1641,0,0,0.4729,0,1]},
{"frame":213,"values":[0.0894,0,0.996,0,0,1,0,0,0.996,0,-0.0894,0,0,0.4729,0,1]},
{"frame":214,"values":[-0.0091,0,1,0,0,1,0,0,1,0,0.0091,0,0,0.4729,0,1]},
{"frame":215,"values":[-0.0735,0,0.9973,0,0,1,0,0,0.9973,0,0.0735,0,0,0.4729,0,1]},
{"frame":216,"values":[-0.0914,0,0.9958,0,0,1,0,0,0.9958,0,0.0914,0,0,0.4729,0,1]},
{"frame":217,"values":[-0.0805,0,0.9968,0,0,1,0,0,0.9968,0,0.0805,0,0,0.4729,0,1]},
{"frame":218,"values":[-0.039,0,0.9992,0,0,1,0,0,0.9992,0,0.039,0,0,0.4729,0,1]},
{"frame":219,"values":[0.0432,0,0.9991,0,0,1,0,0,0.9991,0,-0.0432,0,0,0.4729,0,1]},
{"frame":220,"values":[0.139,0,0.9903,0,0,1,0,0,0.9903,0,-0.139,0,0,0.4729,0,1]},
{"frame":221,"values":[0.1953,0,0.9807,0,0,1,0,0,0.9807,0,-0.1953,0,0,0.4729,0,1]},
{"frame":222,"values":[0.2104,0,0.9776,0,0,1,0,0,0.9776,0,-0.2104,0,0,0.4729,0,1]},
{"frame":230,"values":[0,0,1,0,0,1,0,0,1,0,0,0,0,0.4729,0,1]},
{"frame":231,"values":[0,0,1,0,0.0446,0.999,0,0,0.999,-0.0446,0,0,0,0.4406,0,1]},
{"frame":232,"values":[0,0,1,0,0.0891,0.996,0,0,0.996,-0.0891,0,0,0,0.4082,0,1]},
{"frame":233,"values":[0,0,1,0,0.0721,0.9974,0,0,0.9974,-0.0721,0,0,0,0.4305,0,1]},
{"frame":234,"values":[0,0,1,0,0.0239,0.9997,0,0,0.9997,-0.0239,0,0,0,0.493,0,1]},
{"frame":235,"values":[0,0,1,0,-0.0381,0.9993,0,0,0.9993,0.0381,0,0,0,0.5734,0,1]},
{"frame":236,"values":[0,0,1,0,-0.0862,0.9963,0,0,0.9963,0.0862,0,0,0,0.6359,0,1]},
{"frame":237,"values":[0,0,1,0,-0.1032,0.9947,0,0,0.9947,0.1032,0,0,0,0.6582,0,1]},
{"frame":238,"values":[0,0,1,0,-0.089,0.996,0,0,0.996,0.089,0,0,0,0.6305,0,1]},
{"frame":239,"values":[0,0,1,0,-0.0517,0.9987,0,0,0.9987,0.0517,0,0,0,0.558,0,1]},
{"frame":240,"values":[0,0,1,0,-0.0143,0.9999,0,0,0.9999,0.0143,0,0,0,0.4856,0,1]},
{"frame":241,"values":[0,0,1,0,0,1,0,0,1,0,0,0,0,0.4579,0,1]},
{"frame":242,"values":[0,0,1,0,0,1,0,0,1,0,0,0,0,0.4654,0,1]},
{"frame":243,"values":[0,0,1,0,0,1,0,0,1,0,0,0,0,0.4729,0,1]},
{"frame":250,"values":[0,0,1,0,0.1744,0.9847,0,0,0.9847,-0.1744,0,0,0,0.4729,0,1]},
{"frame":251,"values":[0,0,1,0,0.1635,0.9865,0,0,0.9865,-0.1635,0,0,0,0.4729,0,1]},
{"frame":252,"values":[0,0,1,0,0.1229,0.9924,0,0,0.9924,-0.1229,0,0,0,0.4729,0,1]},
{"frame":253,"values":[0,0,1,0,0.0429,0.9991,0,0,0.9991,-0.0429,0,0,0,0.4729,0,1]},
{"frame":254,"values":[0,0,1,0,-0.0489,0.9988,0,0,0.9988,0.0489,0,0,0,0.4729,0,1]},
{"frame":255,"values":[0,0,1,0,-0.1023,0.9948,0,0,0.9948,0.1023,0,0,0,0.4729,0,1]},
{"frame":256,"values":[0,0,1,0,-0.1168,0.9932,0,0,0.9932,0.1168,0,0,0,0.4729,0,1]},
{"frame":257,"values":[0,0,1,0,-0.1023,0.9948,0,0,0.9948,0.1023,0,0,0,0.4729,0,1]},
{"frame":258,"values":[0,0,1,0,-0.0489,0.9988,0,0,0.9988,0.0489,0,0,0,0.4729,0,1]},
{"frame":259,"values":[0,0,1,0,0.0429,0.9991,0,0,0.9991,-0.0429,0,0,0,0.4729,0,1]},
{"frame":260,"values":[0,0,1,0,0.1229,0.9924,0,0,0.9924,-0.1229,0,0,0,0.4729,0,1]},
{"frame":261,"values":[0,0,1,0,0.1635,0.9865,0,0,0.9865,-0.1635,0,0,0,0.4729,0,1]},
{"frame":262,"values":[0,0,1,0,0.1744,0.9847,0,0,0.9847,-0.1744,0,0,0,0.4729,0,1]}],"loopBehavior":1,"name":"anim","property":"_matrix"}},
{"name":"Head2","index":2,"matrix":[1,0,0,0,0,1,0,0,0,0,1,0,0,0.5166,0,1],"rest":[1,0,0,0,0,1,0,0,0,0,1,0,0,0.5166,0,1],"parentBoneIndex":1,"length":0.3901
,"animation":{"dataType":3,"framePerSecond":24,"keys":[
{"frame":0,"values":[1,0,0,0,0,1,0,0,0,0,1,0,0,0.5166,0,1]},
{"frame":12,"values":[1,0,0,0,0,1,0,0,0,0,1,0,0,0.5166,0,1]},
{"frame":20,"values":[1,0,0,0,0,1,0,0,0,0,1,0,0,0.5166,0,1]},
{"frame":36,"values":[1,0,0,0,0,1,0,0,0,0,1,0,0,0.5166,0,1]},
{"frame":50,"values":[1,0,0,0,0,1,0,0,0,0,1,0,0,0.5166,0,1]},
{"frame":51,"values":[0.9994,0.0356,0,0,-0.0356,0.9994,0,0,0,0,1,0,0,0.5166,0,1]},
{"frame":52,"values":[0.9937,0.1117,0,0,-0.1117,0.9937,0,0,0,0,1,0,0,0.5166,0,1]},
{"frame":53,"values":[0.9891,0.1471,0,0,-0.1471,0.9891,0,0,0,0,1,0,0,0.5166,0,1]},
{"frame":54,"values":[0.9892,0.1464,0,0,-0.1464,0.9892,0,0,0,0,1,0,0,0.5166,0,1]},
{"frame":55,"values":[0.9897,0.1429,0,0,-0.1429,0.9897,0,0,0,0,1,0,0,0.5166,0,1]},
{"frame":56,"values":[0.991,0.1336,0,0,-0.1336,0.991,0,0,0,0,1,0,0,0.5166,0,1]},
{"frame":57,"values":[0.9933,0.1154,0,0,-0.1154,0.9933,0,0,0,0,1,0,0,0.5166,0,1]},
{"frame":58,"values":[0.9962,0.0866,0,0,-0.0866,0.9962,0,0,0,0,1,0,0,0.5166,0,1]},
{"frame":59,"values":[0.9989,0.0476,0,0,-0.0476,0.9989,0,0,0,0,1,0,0,0.5166,0,1]},
{"frame":60,"values":[1,0,0,0,0,1,0,0,0,0,1,0,0,0.5166,0,1]},
{"frame":61,"values":[0.997,-0.0777,0,0,0.0777,0.997,0,0,0,0,1,0,0,0.5166,0,1]},
{"frame":62,"values":[0.9815,-0.1916,0,0,0.1916,0.9815,0,0,0,0,1,0,0,0.5166,0,1]},
{"frame":63,"values":[0.958,-0.2867,0,0,0.2867,0.958,0,0,0,0,1,0,0,0.5166,0,1]},
{"frame":64,"values":[0.9474,-0.3201,0,0,0.3201,0.9474,0,0,0,0,1,0,0,0.5166,0,1]},
{"frame":65,"values":[0.9536,-0.301,0,0,0.301,0.9536,0,0,0,0,1,0,0,0.5166,0,1]},
{"frame":66,"values":[0.9696,-0.2447,0,0,0.2447,0.9696,0,0,0,0,1,0,0,0.5166,0,1]},
{"frame":67,"values":[0.9868,-0.1622,0,0,0.1622,0.9868,0,0,0,0,1,0,0,0.5166,0,1]},
{"frame":68,"values":[0.9969,-0.0785,0,0,0.0785,0.9969,0,0,0,0,1,0,0,0.5166,0,1]},
{"frame":69,"values":[0.9998,-0.0201,0,0,0.0201,0.9998,0,0,0,0,1,0,0,0.5166,0,1]},
{"frame":70,"values":[1,0,0,0,0,1,0,0,0,0,1,0,0,0.5166,0,1]},
{"frame":80,"values":[1,0,0,0,0,1,0,0,0,0,1,0,0,0.5166,0,1]},
{"frame":91,"values":[1,0,0,0,0,1,0,0,0,0,1,0,0,0.5166,0,1]},
{"frame":100,"values":[1,0,0,0,0,1,0,0,0,0,1,0,0,0.5166,0,1]},
{"frame":109,"values":[1,0,0,0,0,1,0,0,0,0,1,0,0,0.5166,0,1]},
{"frame":120,"values":[1,0,0,0,0,1,0,0,0,0,1,0,0,0.5166,0,1]},
{"frame":180,"values":[1,0,0,0,0,1,0,0,0,0,1,0,0,0.5166,0,1]},
{"frame":190,"values":[1,0,0,0,0,1,0,0,0,0,1,0,0,0.5166,0,1]},
{"frame":203,"values":[1,0,0,0,0,1,0,0,0,0,1,0,0,0.5166,0,1]},
{"frame":210,"values":[1,0,0,0,0,1,0,0,0,0,1,0,0,0.5166,0,1]},
{"frame":222,"values":[1,0,0,0,0,1,0,0,0,0,1,0,0,0.5166,0,1]},
{"frame":230,"values":[1,0,0,0,0,1,0,0,0,0,1,0,0,0.5166,0,1]},
{"frame":243,"values":[1,0,0,0,0,1,0,0,0,0,1,0,0,0.5166,0,1]},
{"frame":250,"values":[1,0,0,0,0,1,0,0,0,0,1,0,0,0.5166,0,1]},
{"frame":262,"values":[1,0,0,0,0,1,0,0,0,0,1,0,0,0.5166,0,1]}],"loopBehavior":1,"name":"anim","property":"_matrix"}},
{"name":"Head3","index":3,"matrix":[1,-0.0053,0,0,0.0053,1,0,0,0,0,1,0,0,0.3901,0,1],"rest":[1,0,0,0,0,1,0,0,0,0,1,0,0,0.3901,0,1],"parentBoneIndex":2,"length":0.3584
,"animation":{"dataType":3,"framePerSecond":24,"keys":[
{"frame":0,"values":[1,-0.0053,0,0,0.0053,1,0,0,0,0,1,0,0,0.3901,0,1]},
{"frame":1,"values":[1,-0.0079,0,0,0.0079,1,0,0,0,0,1,0,0,0.3901,0,1]},
{"frame":2,"values":[1,-0.0084,0,0,0.0084,1,0,0,0,0,1,0,0,0.3901,0,1]},
{"frame":3,"values":[1,-0.0059,0,0,0.0059,1,0,0,0,0,1,0,0,0.3901,0,1]},
{"frame":4,"values":[1,-0.0036,0,0,0.0036,1,0,0,0,0,1,0,0,0.3901,0,1]},
{"frame":5,"values":[1,-0.0053,0,0,0.0053,1,0,0,0,0,1,0,0,0.3901,0,1]},
{"frame":6,"values":[1,-0.0081,-0.0001,0,0.0081,0.9998,0.0169,0,0,-0.0169,0.9999,0,0,0.3901,0,1]},
{"frame":7,"values":[1,-0.0089,-0.0006,0,0.0089,0.9958,0.0913,0,-0.0002,-0.0913,0.9958,0,0,0.3901,0,1]},
{"frame":8,"values":[1,-0.004,-0.0011,0,0.0041,0.9654,0.2609,0,0,-0.2609,0.9654,0,0,0.3901,0,1]},
{"frame":9,"values":[1,-0.0008,-0.0004,0,0.0009,0.9894,0.1452,0,0.0002,-0.1452,0.9894,0,0,0.3901,0,1]},
{"frame":10,"values":[1,-0.0004,-0.0001,0,0.0004,0.9988,0.049,0,0.0001,-0.049,0.9988,0,0,0.3901,0,1]},
{"frame":11,"values":[1,-0.0023,0,0,0.0023,0.9999,0.01,0,0,-0.01,0.9999,0,0,0.3901,0,1]},
{"frame":12,"values":[1,-0.0053,0,0,0.0053,1,0,0,0,0,1,0,0,0.3901,0,1]},
{"frame":20,"values":[1,0,0,0,0,1,0,0,0,0,1,0,0,0.3901,0,1]},
{"frame":21,"values":[1,-0.0033,0,0,0.0033,1,0.0038,0,0,-0.0038,1,0,0,0.3901,0,1]},
{"frame":22,"values":[1,-0.0063,-0.0001,0,0.0063,0.9998,0.0178,0,0,-0.0178,0.9998,0,0,0.3901,0,1]},
{"frame":23,"values":[1,-0.0089,-0.0005,0,0.0089,0.9988,0.0486,0,0,-0.0486,0.9988,0,0,0.3901,0,1]},
{"frame":24,"values":[0.9999,-0.0103,-0.0011,0,0.0104,0.9943,0.1065,0,0,-0.1065,0.9943,0,0,0.3901,0,1]},
{"frame":25,"values":[1,-0.0098,-0.0014,0,0.0099,0.9893,0.1455,0,0,-0.1455,0.9894,0,0,0.3901,0,1]},
{"frame":26,"values":[1,-0.0017,-0.0005,0,0.0017,0.9968,0.0805,0,0.0003,-0.0805,0.9968,0,0,0.3901,0,1]},
{"frame":27,"values":[1,0.0028,-0.0001,0,-0.0028,0.9996,0.0271,0,0.0002,-0.0271,0.9996,0,0,0.3901,0,1]},
{"frame":28,"values":[1,0.0026,0,0,-0.0026,1,0.0055,0,0,-0.0055,1,0,0,0.3901,0,1]},
{"frame":29,"values":[1,0,0,0,0,1,0,0,0,0,1,0,0,0.3901,0,1]},
{"frame":30,"values":[1,-0.0033,0,0,0.0033,1,0.0055,0,0,-0.0055,1,0,0,0.3901,0,1]},
{"frame":31,"values":[1,-0.0064,-0.0002,0,0.0065,0.9996,0.0271,0,0,-0.0271,0.9996,0,0,0.3901,0,1]},
{"frame":32,"values":[1,-0.0091,-0.0008,0,0.0091,0.9967,0.0805,0,0,-0.0805,0.9968,0,0,0.3901,0,1]},
{"frame":33,"values":[1,-0.0098,-0.0014,0,0.0099,0.9893,0.1455,0,0,-0.1455,0.9894,0,0,0.3901,0,1]},
{"frame":34,"values":[1,0.0003,-0.0002,0,-0.0003,0.9987,0.0506,0,0.0003,-0.0506,0.9987,0,0,0.3901,0,1]},
{"frame":35,"values":[1,0.0022,0,0,-0.0022,1,0.0093,0,0.0001,-0.0093,1,0,0,0.3901,0,1]},
{"frame":36,"values":[1,0,0,0,0,1,0,0,0,0,1,0,0,0.3901,0,1]},
{"frame":50,"values":[1,0,0,0,0,1,0,0,0,0,1,0,0,0.3901,0,1]},
{"frame":70,"values":[1,0,0,0,0,1,0,0,0,0,1,0,0,0.3901,0,1]},
{"frame":80,"values":[1,-0.0053,0,0,0.0053,1,0,0,0,0,1,0,0,0.3901,0,1]},
{"frame":91,"values":[1,-0.0053,0,0,0.0053,1,0,0,0,0,1,0,0,0.3901,0,1]},
{"frame":100,"values":[1,-0.0053,0,0,0.0053,1,0,0,0,0,1,0,0,0.3901,0,1]},
{"frame":101,"values":[1,-0.0083,0.0001,0,0.0083,0.9999,-0.0086,0,0,0.0086,1,0,0,0.3901,0,1]},
{"frame":102,"values":[0.9999,-0.0106,0.0003,0,0.0106,0.9991,-0.0404,0,0.0001,0.0404,0.9992,0,0,0.3901,0,1]},
{"frame":103,"values":[0.9999,-0.0114,0.0009,0,0.0114,0.9938,-0.1104,0,0.0003,0.1104,0.9939,0,0,0.3901,0,1]},
{"frame":104,"values":[1,-0.0093,0.0018,0,0.0094,0.9706,-0.2407,0,0.0005,0.2407,0.9706,0,0,0.3901,0,1]},
{"frame":105,"values":[1,-0.005,0.0017,0,0.0053,0.9452,-0.3265,0,0,0.3265,0.9452,0,0,0.3901,0,1]},
{"frame":106,"values":[1,-0.0014,0.0006,0,0.0015,0.9832,-0.1826,0,-0.0003,0.1826,0.9832,0,0,0.3901,0,1]},
{"frame":107,"values":[1,-0.0006,0.0002,0,0.0006,0.9981,-0.0617,0,-0.0001,0.0617,0.9981,0,0,0.3901,0,1]},
{"frame":108,"values":[1,-0.0023,0,0,0.0023,0.9999,-0.0126,0,0,0.0126,0.9999,0,0,0.3901,0,1]},
{"frame":109,"values":[1,-0.0053,0,0,0.0053,1,0,0,0,0,1,0,0,0.3901,0,1]},
{"frame":120,"values":[1,-0.0053,0,0,0.0053,1,0,0,0,0,1,0,0,0.3901,0,1]},
{"frame":121,"values":[1,-0.0087,0,0,0.0087,1,0,0,0,0,1,0,0,0.3901,0,1]},
{"frame":122,"values":[0.9999,-0.0121,0,0,0.0121,0.9999,0,0,0,0,1,0,0,0.3901,0,1]},
{"frame":123,"values":[0.9999,-0.0155,0,0,0.0155,0.9999,0,0,0,0,1,0,0,0.3901,0,1]},
{"frame":124,"values":[0.9998,-0.0189,0,0,0.0189,0.9998,0,0,0,0,1,0,0,0.3901,0,1]},
{"frame":125,"values":[0.9997,-0.0224,0,0,0.0224,0.9997,0,0,0,0,1,0,0,0.3901,0,1]},
{"frame":126,"values":[0.9997,-0.0257,0,0,0.0257,0.9997,0,0,0,0,1,0,0,0.3901,0,1]},
{"frame":127,"values":[0.9996,-0.029,0,0,0.029,0.9996,0,0,0,0,1,0,0,0.3901,0,1]},
{"frame":128,"values":[0.9995,-0.0321,0,0,0.0321,0.9995,0,0,0,0,1,0,0,0.3901,0,1]},
{"frame":129,"values":[0.9994,-0.0349,0,0,0.0349,0.9994,0,0,0,0,1,0,0,0.3901,0,1]},
{"frame":130,"values":[0.9993,-0.0372,0,0,0.0372,0.9993,0,0,0,0,1,0,0,0.3901,0,1]},
{"frame":131,"values":[0.9992,-0.039,0,0,0.039,0.9992,0,0,0,0,1,0,0,0.3901,0,1]},
{"frame":132,"values":[0.9992,-0.0403,0,0,0.0403,0.9992,0,0,0,0,1,0,0,0.3901,0,1]},
{"frame":133,"values":[0.9992,-0.0411,0,0,0.0411,0.9992,0,0,0,0,1,0,0,0.3901,0,1]},
{"frame":134,"values":[0.9991,-0.0416,0,0,0.0416,0.9991,0,0,0,0,1,0,0,0.3901,0,1]},
{"frame":135,"values":[0.9991,-0.0418,0,0,0.0418,0.9991,0,0,0,0,1,0,0,0.3901,0,1]},
{"frame":136,"values":[0.9991,-0.0419,0,0,0.0419,0.9991,0,0,0,0,1,0,0,0.3901,0,1]},
{"frame":137,"values":[0.9991,-0.0417,0,0,0.0417,0.9991,0,0,0,0,1,0,0,0.3901,0,1]},
{"frame":138,"values":[0.9991,-0.0412,0,0,0.0412,0.9991,0,0,0,0,1,0,0,0.3901,0,1]},
{"frame":139,"values":[0.9992,-0.0404,0,0,0.0404,0.9992,0,0,0,0,1,0,0,0.3901,0,1]},
{"frame":140,"values":[0.9992,-0.0393,0,0,0.0393,0.9992,0,0,0,0,1,0,0,0.3901,0,1]},
{"frame":141,"values":[0.9993,-0.0379,0,0,0.0379,0.9993,0,0,0,0,1,0,0,0.3901,0,1]},
{"frame":142,"values":[0.9993,-0.0361,0,0,0.0361,0.9993,0,0,0,0,1,0,0,0.3901,0,1]},
{"frame":143,"values":[0.9994,-0.0341,0,0,0.0341,0.9994,0,0,0,0,1,0,0,0.3901,0,1]},
{"frame":144,"values":[0.9995,-0.0317,0,0,0.0317,0.9995,0,0,0,0,1,0,0,0.3901,0,1]},
{"frame":145,"values":[0.9996,-0.0291,0,0,0.0291,0.9996,0,0,0,0,1,0,0,0.3901,0,1]},
{"frame":146,"values":[0.9997,-0.0263,0,0,0.0263,0.9997,0,0,0,0,1,0,0,0.3901,0,1]},
{"frame":147,"values":[0.9997,-0.0232,0,0,0.0232,0.9997,0,0,0,0,1,0,0,0.3901,0,1]},
{"frame":148,"values":[0.9998,-0.02,0,0,0.02,0.9998,0,0,0,0,1,0,0,0.3901,0,1]},
{"frame":149,"values":[0.9999,-0.0166,0,0,0.0166,0.9999,0,0,0,0,1,0,0,0.3901,0,1]},
{"frame":150,"values":[0.9999,-0.0131,0,0,0.0131,0.9999,0,0,0,0,1,0,0,0.3901,0,1]},
{"frame":151,"values":[1,-0.0096,0,0,0.0096,1,0,0,0,0,1,0,0,0.3901,0,1]},
{"frame":152,"values":[1,-0.006,0,0,0.006,1,0,0,0,0,1,0,0,0.3901,0,1]},
{"frame":153,"values":[1,-0.0026,0,0,0.0026,1,0,0,0,0,1,0,0,0.3901,0,1]},
{"frame":154,"values":[1,0.0008,0,0,-0.0008,1,0,0,0,0,1,0,0,0.3901,0,1]},
{"frame":155,"values":[1,0.0041,0,0,-0.0041,1,0,0,0,0,1,0,0,0.3901,0,1]},
{"frame":156,"values":[1,0.0071,0,0,-0.0071,1,0,0,0,0,1,0,0,0.3901,0,1]},
{"frame":157,"values":[1,0.01,0,0,-0.01,1,0,0,0,0,1,0,0,0.3901,0,1]},
{"frame":158,"values":[0.9999,0.0126,0,0,-0.0126,0.9999,0,0,0,0,1,0,0,0.3901,0,1]},
{"frame":159,"values":[0.9999,0.0149,0,0,-0.0149,0.9999,0,0,0,0,1,0,0,0.3901,0,1]},
{"frame":160,"values":[0.9999,0.017,0,0,-0.017,0.9999,0,0,0,0,1,0,0,0.3901,0,1]},
{"frame":161,"values":[0.9998,0.0187,0,0,-0.0187,0.9998,0,0,0,0,1,0,0,0.3901,0,1]},
{"frame":162,"values":[0.9998,0.0202,0,0,-0.0202,0.9998,0,0,0,0,1,0,0,0.3901,0,1]},
{"frame":163,"values":[0.9998,0.0213,0,0,-0.0213,0.9998,0,0,0,0,1,0,0,0.3901,0,1]},
{"frame":164,"values":[0.9998,0.0221,0,0,-0.0221,0.9998,0,0,0,0,1,0,0,0.3901,0,1]},
{"frame":165,"values":[0.9997,0.0226,0,0,-0.0226,0.9997,0,0,0,0,1,0,0,0.3901,0,1]},
{"frame":166,"values":[0.9997,0.0227,0,0,-0.0227,0.9997,0,0,0,0,1,0,0,0.3901,0,1]},
{"frame":167,"values":[0.9997,0.0226,0,0,-0.0226,0.9997,0,0,0,0,1,0,0,0.3901,0,1]},
{"frame":168,"values":[0.9998,0.0223,0,0,-0.0223,0.9998,0,0,0,0,1,0,0,0.3901,0,1]},
{"frame":169,"values":[0.9998,0.0216,0,0,-0.0216,0.9998,0,0,0,0,1,0,0,0.3901,0,1]},
{"frame":170,"values":[0.9998,0.0205,0,0,-0.0205,0.9998,0,0,0,0,1,0,0,0.3901,0,1]},
{"frame":171,"values":[0.9998,0.0191,0,0,-0.0191,0.9998,0,0,0,0,1,0,0,0.3901,0,1]},
{"frame":172,"values":[0.9999,0.0171,0,0,-0.0171,0.9999,0,0,0,0,1,0,0,0.3901,0,1]},
{"frame":173,"values":[0.9999,0.0148,0,0,-0.0148,0.9999,0,0,0,0,1,0,0,0.3901,0,1]},
{"frame":174,"values":[0.9999,0.0122,0,0,-0.0122,0.9999,0,0,0,0,1,0,0,0.3901,0,1]},
{"frame":175,"values":[1,0.0094,0,0,-0.0094,1,0,0,0,0,1,0,0,0.3901,0,1]},
{"frame":176,"values":[1,0.0065,0,0,-0.0065,1,0,0,0,0,1,0,0,0.3901,0,1]},
{"frame":177,"values":[1,0.0035,0,0,-0.0035,1,0,0,0,0,1,0,0,0.3901,0,1]},
{"frame":178,"values":[1,0.0006,0,0,-0.0006,1,0,0,0,0,1,0,0,0.3901,0,1]},
{"frame":179,"values":[1,-0.0024,0,0,0.0024,1,0,0,0,0,1,0,0,0.3901,0,1]},
{"frame":180,"values":[1,-0.0053,0,0,0.0053,1,0,0,0,0,1,0,0,0.3901,0,1]},
{"frame":190,"values":[1,0,0,0,0,1,0,0,0,0,1,0,0,0.3901,0,1]},
{"frame":191,"values":[1,0,0,0,0,1,0.0068,0,0,-0.0068,1,0,0,0.3901,0,1]},
{"frame":192,"values":[1,0,0,0,0,0.9997,0.0247,0,0,-0.0247,0.9997,0,0,0.3901,0,1]},
{"frame":193,"values":[1,0,0,0,0,0.9991,0.0427,0,0,-0.0427,0.9991,0,0,0.3901,0,1]},
{"frame":194,"values":[1,0,0,0,0,0.9988,0.0496,0,0,-0.0496,0.9988,0,0,0.3901,0,1]},
{"frame":195,"values":[1,0,0,0,0,0.9998,0.0209,0,0,-0.0209,0.9998,0,0,0.3901,0,1]},
{"frame":196,"values":[1,0,0,0,0,0.9982,-0.0601,0,0,0.0601,0.9982,0,0,0.3901,0,1]},
{"frame":197,"values":[1,0,0,0,0,0.9865,-0.1636,0,0,0.1636,0.9865,0,0,0.3901,0,1]},
{"frame":198,"values":[1,0,0,0,0,0.9701,-0.2426,0,0,0.2426,0.9701,0,0,0.3901,0,1]},
{"frame":199,"values":[1,0,0,0,0,0.9628,-0.2702,0,0,0.2702,0.9628,0,0,0.3901,0,1]},
{"frame":200,"values":[1,0,0,0,0,0.9785,-0.2061,0,0,0.2061,0.9785,0,0,0.3901,0,1]},
{"frame":201,"values":[1,0,0,0,0,0.9978,-0.066,0,0,0.066,0.9978,0,0,0.3901,0,1]},
{"frame":202,"values":[1,0,0,0,0,1,0,0,0,0,1,0,0,0.3901,0,1]},
{"frame":203,"values":[1,0,0,0,0,1,0,0,0,0,1,0,0,0.3901,0,1]},
{"frame":210,"values":[0.9935,0.1061,-0.0406,0,-0.1054,0.9942,0.0198,0,0.0425,-0.0154,0.999,0,0,0.3901,0,1]},
{"frame":211,"values":[0.9948,0.0952,-0.0364,0,-0.0945,0.9953,0.0188,0,0.038,-0.0152,0.9992,0,0,0.3901,0,1]},
{"frame":212,"values":[0.9977,0.0633,-0.0239,0,-0.0629,0.9979,0.0161,0,0.0249,-0.0145,0.9996,0,0,0.3901,0,1]},
{"frame":213,"values":[0.9998,0.0172,-0.006,0,-0.0172,0.9998,0.0129,0,0.0062,-0.0128,0.9999,0,0,0.3901,0,1]},
{"frame":214,"values":[0.9995,-0.0288,0.0122,0,0.0286,0.9995,0.0105,0,-0.0125,-0.0102,0.9999,0,0,0.3901,0,1]},
{"frame":215,"values":[0.9978,-0.0607,0.0248,0,0.0605,0.9981,0.0094,0,-0.0254,-0.0079,0.9996,0,0,0.3901,0,1]},
{"frame":216,"values":[0.997,-0.0716,0.0292,0,0.0714,0.9974,0.0091,0,-0.0298,-0.007,0.9995,0,0,0.3901,0,1]},
{"frame":217,"values":[0.9978,-0.0607,0.0248,0,0.0605,0.9981,0.0094,0,-0.0254,-0.0079,0.9996,0,0,0.3901,0,1]},
{"frame":218,"values":[0.9995,-0.0288,0.0122,0,0.0286,0.9995,0.0105,0,-0.0125,-0.0102,0.9999,0,0,0.3901,0,1]},
{"frame":219,"values":[0.9998,0.0172,-0.006,0,-0.0172,0.9998,0.0129,0,0.0062,-0.0128,0.9999,0,0,0.3901,0,1]},
{"frame":220,"values":[0.9977,0.0633,-0.0239,0,-0.0629,0.9979,0.0161,0,0.0249,-0.0145,0.9996,0,0,0.3901,0,1]},
{"frame":221,"values":[0.9948,0.0952,-0.0364,0,-0.0945,0.9953,0.0188,0,0.038,-0.0152,0.9992,0,0,0.3901,0,1]},
{"frame":222,"values":[0.9935,0.1061,-0.0406,0,-0.1054,0.9942,0.0198,0,0.0425,-0.0154,0.999,0,0,0.3901,0,1]},
{"frame":230,"values":[1,0,0,0,0,1,0,0,0,0,1,0,0,0.3901,0,1]},
{"frame":231,"values":[1,0,0,0,0,1,0.0068,0,0,-0.0068,1,0,0,0.3901,0,1]},
{"frame":232,"values":[1,0,0,0,0,0.9997,0.0247,0,0,-0.0247,0.9997,0,0,0.3901,0,1]},
{"frame":233,"values":[1,0,0,0,0,0.9991,0.0427,0,0,-0.0427,0.9991,0,0,0.3901,0,1]},
{"frame":234,"values":[1,0,0,0,0,0.9988,0.0496,0,0,-0.0496,0.9988,0,0,0.3901,0,1]},
{"frame":235,"values":[1,0,0,0,0,0.9998,0.0209,0,0,-0.0209,0.9998,0,0,0.3901,0,1]},
{"frame":236,"values":[1,0,0,0,0,0.9982,-0.0601,0,0,0.0601,0.9982,0,0,0.3901,0,1]},
{"frame":237,"values":[1,0,0,0,0,0.9865,-0.1636,0,0,0.1636,0.9865,0,0,0.3901,0,1]},
{"frame":238,"values":[1,0,0,0,0,0.9701,-0.2426,0,0,0.2426,0.9701,0,0,0.3901,0,1]},
{"frame":239,"values":[1,0,0,0,0,0.9628,-0.2702,0,0,0.2702,0.9628,0,0,0.3901,0,1]},
{"frame":240,"values":[1,0,0,0,0,0.9785,-0.2061,0,0,0.2061,0.9785,0,0,0.3901,0,1]},
{"frame":241,"values":[1,0,0,0,0,0.9978,-0.066,0,0,0.066,0.9978,0,0,0.3901,0,1]},
{"frame":242,"values":[1,0,0,0,0,1,0,0,0,0,1,0,0,0.3901,0,1]},
{"frame":243,"values":[1,0,0,0,0,1,0,0,0,0,1,0,0,0.3901,0,1]},
{"frame":250,"values":[1,0,0,0,0,1,0,0,0,0,1,0,0,0.3901,0,1]},
{"frame":251,"values":[1,0,0,0,0,1,-0.0048,0,0,0.0048,1,0,0,0.3901,0,1]},
{"frame":252,"values":[1,0,0,0,0,0.9998,-0.0188,0,0,0.0188,0.9998,0,0,0.3901,0,1]},
{"frame":253,"values":[1,0,0,0,0,0.9992,-0.0402,0,0,0.0402,0.9992,0,0,0.3901,0,1]},
{"frame":254,"values":[1,0,0,0,0,0.9979,-0.0645,0,0,0.0645,0.9979,0,0,0.3901,0,1]},
{"frame":255,"values":[1,0,0,0,0,0.9963,-0.0859,0,0,0.0859,0.9963,0,0,0.3901,0,1]},
{"frame":256,"values":[1,0,0,0,0,0.995,-0.0999,0,0,0.0999,0.995,0,0,0.3901,0,1]},
{"frame":257,"values":[1,0,0,0,0,0.9945,-0.1046,0,0,0.1046,0.9945,0,0,0.3901,0,1]},
{"frame":258,"values":[1,0,0,0,0,0.9954,-0.0953,0,0,0.0953,0.9954,0,0,0.3901,0,1]},
{"frame":259,"values":[1,0,0,0,0,0.9976,-0.0692,0,0,0.0692,0.9976,0,0,0.3901,0,1]},
{"frame":260,"values":[1,0,0,0,0,0.9994,-0.0355,0,0,0.0355,0.9994,0,0,0.3901,0,1]},
{"frame":261,"values":[1,0,0,0,0,1,-0.0093,0,0,0.0093,1,0,0,0.3901,0,1]},
{"frame":262,"values":[1,0,0,0,0,1,0,0,0,0,1,0,0,0.3901,0,1]}],"loopBehavior":1,"name":"anim","property":"_matrix"}},
{"name":"Eyebrow.R","index":4,"matrix":[1,0,0,0,0,1,0,0,0,0,1,0,-0.3996,0.5952,0.4909,1],"rest":[1,0,0,0,0,1,0,0,0,0,1,0,-0.3996,0.5888,0.4909,1],"parentBoneIndex":1,"length":0.2852
,"animation":{"dataType":3,"framePerSecond":24,"keys":[
{"frame":0,"values":[1,0,0,0,0,1,0,0,0,0,1,0,-0.3996,0.5952,0.4909,1]},
{"frame":1,"values":[0.9998,-0.0186,0.0037,0,0.0185,0.9998,0.0102,0,-0.0039,-0.0102,0.9999,0,-0.3996,0.5952,0.4909,1]},
{"frame":2,"values":[0.995,-0.0987,0.0176,0,0.0976,0.9937,0.0549,0,-0.0229,-0.0529,0.9983,0,-0.3996,0.5952,0.4909,1]},
{"frame":3,"values":[0.9388,-0.3425,0.037,0,0.3292,0.9236,0.1966,0,-0.1015,-0.1724,0.9798,0,-0.3996,0.5952,0.4909,1]},
{"frame":10,"values":[0.995,-0.0987,0.0176,0,0.0976,0.9937,0.0549,0,-0.0229,-0.0529,0.9983,0,-0.3996,0.5952,0.4909,1]},
{"frame":11,"values":[0.9998,-0.0186,0.0037,0,0.0185,0.9998,0.0102,0,-0.0039,-0.0102,0.9999,0,-0.3996,0.5952,0.4909,1]},
{"frame":12,"values":[1,0,0,0,0,1,0,0,0,0,1,0,-0.3996,0.5952,0.4909,1]},
{"frame":20,"values":[0.9888,-0.1487,0.0091,0,0.1443,0.9712,0.1898,0,-0.0371,-0.1864,0.9818,0,-0.3996,0.5888,0.4909,1]},
{"frame":21,"values":[0.9888,-0.1487,0.0091,0,0.1443,0.9712,0.1898,0,-0.0371,-0.1864,0.9818,0,-0.3996,0.5885,0.4946,1]},
{"frame":22,"values":[0.9888,-0.1487,0.0091,0,0.1443,0.9712,0.1898,0,-0.0371,-0.1864,0.9818,0,-0.3996,0.5873,0.5051,1]},
{"frame":23,"values":[0.9888,-0.1487,0.0091,0,0.1443,0.9712,0.1898,0,-0.0371,-0.1864,0.9818,0,-0.3996,0.5859,0.5185,1]},
{"frame":24,"values":[0.9888,-0.1487,0.0091,0,0.1443,0.9712,0.1898,0,-0.0371,-0.1864,0.9818,0,-0.3996,0.5848,0.5289,1]},
{"frame":25,"values":[0.9888,-0.1487,0.0091,0,0.1443,0.9712,0.1898,0,-0.0371,-0.1864,0.9818,0,-0.3996,0.5844,0.5326,1]},
{"frame":26,"values":[0.9888,-0.1487,0.0091,0,0.1443,0.9712,0.1898,0,-0.0371,-0.1864,0.9818,0,-0.3996,0.585,0.5269,1]},
{"frame":27,"values":[0.9888,-0.1487,0.0091,0,0.1443,0.9712,0.1898,0,-0.0371,-0.1864,0.9818,0,-0.3996,0.5866,0.5118,1]},
{"frame":28,"values":[0.9888,-0.1487,0.0091,0,0.1443,0.9712,0.1898,0,-0.0371,-0.1864,0.9818,0,-0.3996,0.5882,0.4967,1]},
{"frame":29,"values":[0.9888,-0.1487,0.0091,0,0.1443,0.9712,0.1898,0,-0.0371,-0.1864,0.9818,0,-0.3996,0.5888,0.4909,1]},
{"frame":30,"values":[0.9888,-0.1487,0.0091,0,0.1443,0.9712,0.1898,0,-0.0371,-0.1864,0.9818,0,-0.3996,0.5885,0.4946,1]},
