{"producer":{"name":"Blender","version":"2.91.2","exporter_version":"2.80.1","file":"Crab.babylon"},
"autoClear":true,"clearColor":[0.0509,0.0509,0.0509],"gravity":[0,-9.81,0],
"materials":[{"name":"Material","id":"Material","customType":"BABYLON.PBRMaterial","backFaceCulling":true,"checkReadyOnlyOnce":false,"maxSimultaneousLights":4,"environmentIntensity":1,"albedo":[0.8,0.8,0.8],"reflectivity":[0.5,0.5,0.5],"roughness":0.4,"alpha":1,"transparencyMode":0,"alphaCutOff":0.4,"metallic":0}],
"multiMaterials":[],
"skeletons":[{"name":"MonsterArmature","id":0,"dimensionsAtRest":[1.0034,2.0964,0.5088],"bones":[
{"name":"Body","index":0,"matrix":[-1,0,0,0,0,0,1,0,0,-1,0,0,0,0,0,1],"rest":[-1,0,0,0,0,0,1,0,0,-1,0,0,0,0,0,1],"parentBoneIndex":-1,"length":0.5088
,"animation":{"dataType":3,"framePerSecond":24,"keys":[
{"frame":1,"values":[-1,0,0,0,0,0,1,0,0,-1,0,0,0,0,0,1]},
{"frame":13,"values":[-1,0,0,0,0,0,1,0,0,-1,0,0,0,0,0,1]},
{"frame":21,"values":[-1,0,0,0,0,0,1,0,0,-1,0,0,0,0,-0.0373,1]},
{"frame":22,"values":[-1,0,0,0,0,0,1,0,0,-1,0,0,0,0,-0.0366,1]},
{"frame":23,"values":[-1,0,0,0,0,0,1,0,0,-1,0,0,0,0,-0.0342,1]},
{"frame":24,"values":[-1,0,0,0,0,0,1,0,0,-1,0,0,0,0,-0.0291,1]},
{"frame":25,"values":[-1,0,0,0,0,0,1,0,0,-1,0,0,0,0,-0.0191,1]},
{"frame":26,"values":[-1,0,0,0,0,0,1,0,0,-1,0,0,0,0,0.0017,1]},
{"frame":27,"values":[-1,0,0,0,0,0,1,0,0,-1,0,0,0,0,-0.0274,1]},
{"frame":28,"values":[-1,0,0,0,0,0,1,0,0,-1,0,0,0,0,-0.0354,1]},
{"frame":29,"values":[-1,0,0,0,0,0,1,0,0,-1,0,0,0,0,-0.0373,1]},
{"frame":30,"values":[-1,0,0,0,0,0,1,0,0,-1,0,0,0,0,-0.0366,1]},
{"frame":31,"values":[-1,0,0,0,0,0,1,0,0,-1,0,0,0,0,-0.0342,1]},
{"frame":32,"values":[-1,0,0,0,0,0,1,0,0,-1,0,0,0,0,-0.0291,1]},
{"frame":33,"values":[-1,0,0,0,0,0,1,0,0,-1,0,0,0,0,-0.0191,1]},
{"frame":34,"values":[-1,0,0,0,0,0,1,0,0,-1,0,0,0,0,0.0017,1]},
{"frame":35,"values":[-1,0,0,0,0,0,1,0,0,-1,0,0,0,0,-0.0053,1]},
{"frame":36,"values":[-1,0,0,0,0,0,1,0,0,-1,0,0,0,0,-0.0072,1]},
{"frame":37,"values":[-1,0,0,0,0,0,1,0,0,-1,0,0,0,0,-0.0077,1]},
{"frame":51,"values":[-1,0,0,0,0,0,1,0,0,-1,0,0,0,0,0,1]},
{"frame":71,"values":[-1,0,0,0,0,0,1,0,0,-1,0,0,0,0,0,1]},
{"frame":81,"values":[-1,0,0,0,0,0,1,0,0,-1,0,0,0,0,0,1]},
{"frame":82,"values":[-1,0,0,0,0,-0.0018,1,0,0,-1,-0.0018,0,0,0.0003,-0.0022,1]},
{"frame":83,"values":[-1,0,0,0,0,-0.008,1,0,0,-1,-0.008,0,0,0.0016,-0.0098,1]},
{"frame":84,"values":[-1,0,0,0,0,-0.0211,0.9998,0,0,-0.9998,-0.0211,0,0,0.0042,-0.0258,1]},
{"frame":85,"values":[-1,0,0,0,0,-0.0474,0.9989,0,0,-0.9989,-0.0474,0,0,0.0097,-0.0579,1]},
{"frame":86,"values":[-1,0,0,0,0,-0.1016,0.9948,0,0,-0.9948,-0.1016,0,0,0.0246,-0.124,1]},
{"frame":87,"values":[-1,0,0,0,0,0.1185,0.993,0,0,-0.993,0.1185,0,0,0.0655,0.0741,1]},
{"frame":88,"values":[-1,0,0,0,0,0.4677,0.8839,0,0,-0.8839,0.4677,0,0,0.1427,0.2978,1]},
{"frame":89,"values":[-1,0,0,0,0,0.7004,0.7138,0,0,-0.7138,0.7004,0,0,0.2404,0.3354,1]},
{"frame":90,"values":[-1,0,0,0,0,0.8887,0.4584,0,0,-0.4584,0.8887,0,0,0.3663,0.3576,1]},
{"frame":91,"values":[-1,0,0,0,0,0.9714,0.2377,0,0,-0.2377,0.9714,0,0,0.4675,0.3652,1]},
{"frame":92,"values":[-1,0,0,0,0,0.987,0.1607,0,0,-0.1607,0.987,0,0,0.5026,0.3661,1]},
{"frame":101,"values":[-1,0,0,0,0,0,1,0,0,-1,0,0,0,0,0,1]},
{"frame":102,"values":[-1,0,0,0,0,0.006,1,0,0,-1,0.006,0,0,0.0001,0.0015,1]},
{"frame":103,"values":[-1,0,0,0,0,0.0313,0.9995,0,0,-0.9995,0.0313,0,0,0.0005,0.0075,1]},
{"frame":104,"values":[-1,0,0,0,0,0.123,0.9924,0,0,-0.9924,0.123,0,0,0.0018,0.0297,1]},
{"frame":105,"values":[-1,0,0,0,0,0.0685,0.9976,0,0,-0.9976,0.0685,0,0,0.001,0.0165,1]},
{"frame":106,"values":[-1,0,0,0,0,0.0352,0.9994,0,0,-0.9994,0.0352,0,0,0.0005,0.0085,1]},
{"frame":107,"values":[-1,0,0,0,0,0.017,0.9999,0,0,-0.9999,0.017,0,0,0.0003,0.0041,1]},
{"frame":108,"values":[-1,0,0,0,0,0.0067,1,0,0,-1,0.0067,0,0,0.0001,0.0016,1]},
{"frame":109,"values":[-1,0,0,0,0,0.0015,1,0,0,-1,0.0015,0,0,0,0.0004,1]},
{"frame":110,"values":[-1,0,0,0,0,0,1,0,0,-1,0,0,0,0,0,1]},
{"frame":121,"values":[-1,0,0,0,0,0,1,0,0,-1,0,0,0,0,0,1]},
{"frame":181,"values":[-1,0,0,0,0,0,1,0,0,-1,0,0,0,0,0,1]},
{"frame":191,"values":[-1,0,0,0,0,0,1,0,0,-1,0,0,0,0,0,1]},
{"frame":197,"values":[-1,0,0,0,0,0,1,0,0,-1,0,0,0,0.0803,0,1]},
{"frame":198,"values":[-1,0,0,0,0,0,1,0,0,-1,0,0,0,0.2905,0,1]},
{"frame":199,"values":[-1,0,0,0,0,0,1,0,0,-1,0,0,0,0.5007,0,1]},
{"frame":200,"values":[-1,0,0,0,0,0,1,0,0,-1,0,0,0,0.581,0,1]},
{"frame":201,"values":[-1,0,0,0,0,0,1,0,0,-1,0,0,0,0.5007,0,1]},
{"frame":202,"values":[-1,0,0,0,0,0,1,0,0,-1,0,0,0,0.2905,0,1]},
{"frame":203,"values":[-1,0,0,0,0,0,1,0,0,-1,0,0,0,0.0803,0,1]},
{"frame":204,"values":[-1,0,0,0,0,0,1,0,0,-1,0,0,0,0,0,1]},
{"frame":211,"values":[-1,0,0,0,0,0,1,0,0,-1,0,0,0,0,0,1]},
{"frame":223,"values":[-1,0,0,0,0,0,1,0,0,-1,0,0,0,0,0,1]},
{"frame":231,"values":[-1,0,0,0,0,0,1,0,0,-1,0,0,0,0,0,1]},
{"frame":232,"values":[-1,0,0,0,0,-0.0153,0.9999,0,0,-0.9999,-0.0153,0,0,0.0024,-0.0295,1]},
{"frame":233,"values":[-1,0,0,0,0,-0.0585,0.9983,0,0,-0.9983,-0.0585,0,0,0.0126,-0.1124,1]},
{"frame":234,"values":[-1,0,0,0,0,-0.1138,0.9935,0,0,-0.9935,-0.1138,0,0,0.0351,-0.2189,1]},
{"frame":235,"values":[-1,0,0,0,0,-0.1566,0.9877,0,0,-0.9877,-0.1566,0,0,0.071,-0.3019,1]},
{"frame":236,"values":[-1,0,0,0,0,-0.1717,0.9852,0,0,-0.9852,-0.1717,0,0,0.117,-0.3313,1]},
{"frame":237,"values":[-1,0,0,0,0,-0.1497,0.9887,0,0,-0.9887,-0.1497,0,0,0.1978,-0.2763,1]},
{"frame":238,"values":[-1,0,0,0,0,-0.0828,0.9966,0,0,-0.9966,-0.0828,0,0,0.3019,-0.1333,1]},
{"frame":239,"values":[-1,0,0,0,0,0,1,0,0,-1,0,0,0,0.3447,0,1]},
{"frame":240,"values":[-1,0,0,0,0,0.1242,0.9923,0,0,-0.9923,0.1242,0,0,0.2451,0.1245,1]},
{"frame":241,"values":[-1,0,0,0,0,0.2013,0.9795,0,0,-0.9795,0.2013,0,0,0.0999,0.189,1]},
{"frame":242,"values":[-1,0,0,0,0,0.1532,0.9882,0,0,-0.9882,0.1532,0,0,0.0353,0.1433,1]},
{"frame":243,"values":[-1,0,0,0,0,0.0489,0.9988,0,0,-0.9988,0.0489,0,0,0.0051,0.0456,1]},
{"frame":244,"values":[-1,0,0,0,0,0,1,0,0,-1,0,0,0,0,0,1]},
{"frame":251,"values":[-1,0,0,0,0,0,1,0,0,-1,0,0,0,0,0,1]},
{"frame":263,"values":[-1,0,0,0,0,0,1,0,0,-1,0,0,0,0,0,1]}],"loopBehavior":1,"name":"anim","property":"_matrix"}},
{"name":"Mouth","index":1,"matrix":[1,0,0,0,0,0,-1,0,0,1,0,0,0,0.5008,-0.0898,1],"rest":[1,0,0,0,0,0,-1,0,0,1,0,0,0,0.5008,-0.0898,1],"parentBoneIndex":0,"length":0.304
,"animation":{"dataType":3,"framePerSecond":24,"keys":[
{"frame":1,"values":[1,0,0,0,0,0,-1,0,0,1,0,0,0,0.5008,-0.0898,1]},
{"frame":2,"values":[1,0,0,0,0,0,-1,0,0,1,0,0,0,0.5041,-0.0929,1]},
{"frame":3,"values":[1,0,0,0,0,0,-1,0,0,1,0,0,0,0.5149,-0.1033,1]},
{"frame":4,"values":[1,0,0,0,0,0,-1,0,0,1,0,0,0,0.5358,-0.1232,1]},
{"frame":5,"values":[1,0,0,0,0,0,-1,0,0,1,0,0,0,0.5705,-0.1564,1]},
{"frame":6,"values":[1,0,0,0,0,0,-1,0,0,1,0,0,0,0.6267,-0.2102,1]},
{"frame":7,"values":[1,0,0,0,0,0,-1,0,0,1,0,0,0,0.7233,-0.3025,1]},
{"frame":8,"values":[1,0,0,0,0,0,-1,0,0,1,0,0,0,0.8794,-0.4517,1]},
{"frame":10,"values":[1,0,0,0,0,0,-1,0,0,1,0,0,0,0.6399,-0.2228,1]},
{"frame":11,"values":[1,0,0,0,0,0,-1,0,0,1,0,0,0,0.5493,-0.1361,1]},
{"frame":12,"values":[1,0,0,0,0,0,-1,0,0,1,0,0,0,0.5111,-0.0996,1]},
{"frame":13,"values":[1,0,0,0,0,0,-1,0,0,1,0,0,0,0.5008,-0.0898,1]},
{"frame":21,"values":[1,0,0,0,0,0,-1,0,0,1,0,0,0,0.5008,-0.0898,1]},
{"frame":22,"values":[1,0,0,0,0,0,-1,0,0,1,0,0,0,0.4798,-0.1841,1]},
{"frame":23,"values":[1,0,0,0,0,0,-1,0,0,1,0,0,0,0.4718,-0.2198,1]},
{"frame":24,"values":[1,0,0,0,0,0,-1,0,0,1,0,0,0,0.4685,-0.2348,1]},
{"frame":25,"values":[1,0,0,0,0,0,-1,0,0,1,0,0,0,0.4685,-0.2389,1]},
{"frame":26,"values":[1,0,0,0,0,0,-1,0,0,1,0,0,0,0.4685,-0.2348,1]},
{"frame":27,"values":[1,0,0,0,0,0,-1,0,0,1,0,0,0,0.4718,-0.2198,1]},
{"frame":28,"values":[1,0,0,0,0,0,-1,0,0,1,0,0,0,0.4798,-0.1841,1]},
{"frame":29,"values":[1,0,0,0,0,0,-1,0,0,1,0,0,0,0.5008,-0.0898,1]},
{"frame":30,"values":[1,0,0,0,0,0,-1,0,0,1,0,0,0,0.4798,-0.1841,1]},
{"frame":31,"values":[1,0,0,0,0,0,-1,0,0,1,0,0,0,0.4718,-0.2198,1]},
{"frame":32,"values":[1,0,0,0,0,0,-1,0,0,1,0,0,0,0.4685,-0.2348,1]},
{"frame":33,"values":[1,0,0,0,0,0,-1,0,0,1,0,0,0,0.4685,-0.2389,1]},
{"frame":34,"values":[1,0,0,0,0,0,-1,0,0,1,0,0,0,0.4685,-0.2348,1]},
{"frame":35,"values":[1,0,0,0,0,0,-1,0,0,1,0,0,0,0.4718,-0.2198,1]},
{"frame":36,"values":[1,0,0,0,0,0,-1,0,0,1,0,0,0,0.4798,-0.1841,1]},
{"frame":37,"values":[1,0,0,0,0,0,-1,0,0,1,0,0,0,0.5008,-0.0898,1]},
{"frame":51,"values":[0.982,0,-0.1887,0,-0.1887,0,-0.982,0,0,1,0,0,0,0.5008,-0.0898,1]},
{"frame":52,"values":[0.9838,0,-0.1793,0,-0.1793,0,-0.9838,0,0,1,0,0,0,0.5008,-0.0898,1]},
{"frame":53,"values":[0.9885,0,-0.1509,0,-0.1509,0,-0.9885,0,0,1,0,0,0,0.5008,-0.0898,1]},
{"frame":54,"values":[0.9945,0,-0.1044,0,-0.1044,0,-0.9945,0,0,1,0,0,0,0.5008,-0.0898,1]},
{"frame":55,"values":[0.9991,0,-0.043,0,-0.043,0,-0.9991,0,0,1,0,0,0,0.5008,-0.0898,1]},
{"frame":56,"values":[0.9996,0,0.027,0,0.027,0,-0.9996,0,0,1,0,0,0,0.5008,-0.0898,1]},
{"frame":57,"values":[0.9953,0,0.0967,0,0.0967,0,-0.9953,0,0,1,0,0,0,0.5008,-0.0898,1]},
{"frame":58,"values":[0.9875,0,0.1578,0,0.1578,0,-0.9875,0,0,1,0,0,0,0.5008,-0.0898,1]},
{"frame":59,"values":[0.979,0,0.204,0,0.204,0,-0.979,0,0,1,0,0,0,0.5008,-0.0898,1]},
{"frame":60,"values":[0.9727,0,0.2321,0,0.2321,0,-0.9727,0,0,1,0,0,0,0.5008,-0.0898,1]},
{"frame":61,"values":[0.9704,0,0.2413,0,0.2413,0,-0.9704,0,0,1,0,0,0,0.5008,-0.0898,1]},
{"frame":62,"values":[0.9727,0,0.2321,0,0.2321,0,-0.9727,0,0,1,0,0,0,0.5008,-0.0898,1]},
{"frame":63,"values":[0.979,0,0.204,0,0.204,0,-0.979,0,0,1,0,0,0,0.5008,-0.0898,1]},
{"frame":64,"values":[0.9875,0,0.1578,0,0.1578,0,-0.9875,0,0,1,0,0,0,0.5008,-0.0898,1]},
{"frame":65,"values":[0.9953,0,0.0967,0,0.0967,0,-0.9953,0,0,1,0,0,0,0.5008,-0.0898,1]},
{"frame":66,"values":[0.9996,0,0.027,0,0.027,0,-0.9996,0,0,1,0,0,0,0.5008,-0.0898,1]},
{"frame":67,"values":[0.9991,0,-0.043,0,-0.043,0,-0.9991,0,0,1,0,0,0,0.5008,-0.0898,1]},
{"frame":68,"values":[0.9945,0,-0.1044,0,-0.1044,0,-0.9945,0,0,1,0,0,0,0.5008,-0.0898,1]},
{"frame":69,"values":[0.9885,0,-0.1509,0,-0.1509,0,-0.9885,0,0,1,0,0,0,0.5008,-0.0898,1]},
{"frame":70,"values":[0.9838,0,-0.1793,0,-0.1793,0,-0.9838,0,0,1,0,0,0,0.5008,-0.0898,1]},
{"frame":71,"values":[0.982,0,-0.1887,0,-0.1887,0,-0.982,0,0,1,0,0,0,0.5008,-0.0898,1]},
{"frame":81,"values":[1,0,0,0,0,0,-1,0,0,1,0,0,0,0.5008,-0.0898,1]},
{"frame":92,"values":[1,0,0,0,0,0,-1,0,0,1,0,0,0,0.5008,-0.0898,1]},
{"frame":101,"values":[1,0,0,0,0,0,-1,0,0,1,0,0,0,0.5008,-0.0898,1]},
{"frame":110,"values":[1,0,0,0,0,0,-1,0,0,1,0,0,0,0.5008,-0.0898,1]},
{"frame":121,"values":[1,0,0,0,0,0,-1,0,0,1,0,0,0,0.5008,-0.0898,1]},
{"frame":122,"values":[1,0,0,0,0,0,-1,0,0,1,0,0,0,0.5008,-0.0899,1]},
{"frame":123,"values":[1,0,0,0,0,0,-1,0,0,1,0,0,0,0.5008,-0.09,1]},
{"frame":125,"values":[1,0,0,0,0,0,-1,0,0,1,0,0,0,0.5008,-0.0902,1]},
{"frame":126,"values":[1,0,0,0,0,0,-1,0,0,1,0,0,0,0.5008,-0.0904,1]},
{"frame":127,"values":[1,0,0,0,0,0,-1,0,0,1,0,0,0,0.5008,-0.0907,1]},
{"frame":128,"values":[1,0,0,0,0,0,-1,0,0,1,0,0,0,0.5008,-0.0911,1]},
{"frame":129,"values":[1,0,0,0,0,0,-1,0,0,1,0,0,0,0.5008,-0.0916,1]},
{"frame":130,"values":[1,0,0,0,0,0,-1,0,0,1,0,0,0,0.5008,-0.0921,1]},
{"frame":131,"values":[1,0,0,0,0,0,-1,0,0,1,0,0,0,0.5008,-0.0927,1]},
{"frame":132,"values":[1,0,0,0,0,0,-1,0,0,1,0,0,0,0.5008,-0.0934,1]},
{"frame":133,"values":[1,0,0,0,0,0,-1,0,0,1,0,0,0,0.5008,-0.0942,1]},
{"frame":134,"values":[1,0,0,0,0,0,-1,0,0,1,0,0,0,0.5008,-0.0951,1]},
{"frame":135,"values":[1,0,0,0,0,0,-1,0,0,1,0,0,0,0.5008,-0.0962,1]},
{"frame":136,"values":[1,0,0,0,0,0,-1,0,0,1,0,0,0,0.5008,-0.0974,1]},
{"frame":137,"values":[1,0,0,0,0,0,-1,0,0,1,0,0,0,0.5008,-0.0987,1]},
{"frame":138,"values":[1,0,0,0,0,0,-1,0,0,1,0,0,0,0.5008,-0.1002,1]},
{"frame":139,"values":[1,0,0,0,0,0,-1,0,0,1,0,0,0,0.5008,-0.1018,1]},
{"frame":140,"values":[1,0,0,0,0,0,-1,0,0,1,0,0,0,0.5008,-0.1035,1]},
{"frame":141,"values":[1,0,0,0,0,0,-1,0,0,1,0,0,0,0.5008,-0.1053,1]},
{"frame":142,"values":[1,0,0,0,0,0,-1,0,0,1,0,0,0,0.5008,-0.1072,1]},
{"frame":143,"values":[1,0,0,0,0,0,-1,0,0,1,0,0,0,0.5008,-0.109,1]},
{"frame":144,"values":[1,0,0,0,0,0,-1,0,0,1,0,0,0,0.5008,-0.1108,1]},
{"frame":145,"values":[1,0,0,0,0,0,-1,0,0,1,0,0,0,0.5008,-0.1123,1]},
{"frame":146,"values":[1,0,0,0,0,0,-1,0,0,1,0,0,0,0.5008,-0.1136,1]},
{"frame":147,"values":[1,0,0,0,0,0,-1,0,0,1,0,0,0,0.5008,-0.1146,1]},
{"frame":148,"values":[1,0,0,0,0,0,-1,0,0,1,0,0,0,0.5008,-0.1154,1]},
{"frame":149,"values":[1,0,0,0,0,0,-1,0,0,1,0,0,0,0.5008,-0.1159,1]},
{"frame":150,"values":[1,0,0,0,0,0,-1,0,0,1,0,0,0,0.5008,-0.1162,1]},
{"frame":153,"values":[1,0,0,0,0,0,-1,0,0,1,0,0,0,0.5008,-0.1159,1]},
{"frame":154,"values":[1,0,0,0,0,0,-1,0,0,1,0,0,0,0.5008,-0.1154,1]},
{"frame":155,"values":[1,0,0,0,0,0,-1,0,0,1,0,0,0,0.5008,-0.1146,1]},
{"frame":156,"values":[1,0,0,0,0,0,-1,0,0,1,0,0,0,0.5008,-0.1136,1]},
{"frame":157,"values":[1,0,0,0,0,0,-1,0,0,1,0,0,0,0.5008,-0.1123,1]},
{"frame":158,"values":[1,0,0,0,0,0,-1,0,0,1,0,0,0,0.5008,-0.1108,1]},
{"frame":159,"values":[1,0,0,0,0,0,-1,0,0,1,0,0,0,0.5008,-0.109,1]},
{"frame":160,"values":[1,0,0,0,0,0,-1,0,0,1,0,0,0,0.5008,-0.1072,1]},
{"frame":161,"values":[1,0,0,0,0,0,-1,0,0,1,0,0,0,0.5008,-0.1053,1]},
{"frame":162,"values":[1,0,0,0,0,0,-1,0,0,1,0,0,0,0.5008,-0.1035,1]},
{"frame":163,"values":[1,0,0,0,0,0,-1,0,0,1,0,0,0,0.5008,-0.1018,1]},
{"frame":164,"values":[1,0,0,0,0,0,-1,0,0,1,0,0,0,0.5008,-0.1002,1]},
{"frame":165,"values":[1,0,0,0,0,0,-1,0,0,1,0,0,0,0.5008,-0.0987,1]},
{"frame":166,"values":[1,0,0,0,0,0,-1,0,0,1,0,0,0,0.5008,-0.0974,1]},
{"frame":167,"values":[1,0,0,0,0,0,-1,0,0,1,0,0,0,0.5008,-0.0962,1]},
{"frame":168,"values":[1,0,0,0,0,0,-1,0,0,1,0,0,0,0.5008,-0.0951,1]},
{"frame":169,"values":[1,0,0,0,0,0,-1,0,0,1,0,0,0,0.5008,-0.0942,1]},
{"frame":170,"values":[1,0,0,0,0,0,-1,0,0,1,0,0,0,0.5008,-0.0934,1]},
{"frame":171,"values":[1,0,0,0,0,0,-1,0,0,1,0,0,0,0.5008,-0.0927,1]},
{"frame":172,"values":[1,0,0,0,0,0,-1,0,0,1,0,0,0,0.5008,-0.0921,1]},
{"frame":173,"values":[1,0,0,0,0,0,-1,0,0,1,0,0,0,0.5008,-0.0916,1]},
{"frame":174,"values":[1,0,0,0,0,0,-1,0,0,1,0,0,0,0.5008,-0.0911,1]},
{"frame":175,"values":[1,0,0,0,0,0,-1,0,0,1,0,0,0,0.5008,-0.0907,1]},
{"frame":176,"values":[1,0,0,0,0,0,-1,0,0,1,0,0,0,0.5008,-0.0904,1]},
{"frame":177,"values":[1,0,0,0,0,0,-1,0,0,1,0,0,0,0.5008,-0.0902,1]},
{"frame":178,"values":[1,0,0,0,0,0,-1,0,0,1,0,0,0,0.5008,-0.0901,1]},
{"frame":179,"values":[1,0,0,0,0,0,-1,0,0,1,0,0,0,0.5008,-0.0899,1]},
{"frame":181,"values":[1,0,0,0,0,0,-1,0,0,1,0,0,0,0.5008,-0.0898,1]},
{"frame":191,"values":[1,0,0,0,0,0,-1,0,0,1,0,0,0,0.5008,-0.0898,1]},
{"frame":198,"values":[1,0,0,0,0,0,-1,0,0,1,0,0,-0.0004,0.4864,-0.0888,1]},
{"frame":199,"values":[1,0,0,0,0,0,-1,0,0,1,0,0,-0.0015,0.4486,-0.0861,1]},
{"frame":200,"values":[1,0,0,0,0,0,-1,0,0,1,0,0,-0.0027,0.4109,-0.0834,1]},
{"frame":201,"values":[1,0,0,0,0,0,-1,0,0,1,0,0,-0.0031,0.3964,-0.0824,1]},
{"frame":202,"values":[1,0,0,0,0,0,-1,0,0,1,0,0,-0.0023,0.4216,-0.0842,1]},
{"frame":203,"values":[1,0,0,0,0,0,-1,0,0,1,0,0,-0.0007,0.4756,-0.088,1]},
{"frame":204,"values":[1,0,0,0,0,0,-1,0,0,1,0,0,0,0.5008,-0.0898,1]},
{"frame":211,"values":[0.9684,0.2495,0,0,0,0,-1,0,-0.2495,0.9684,0,0,-0.0572,0.4975,-0.0898,1]},
{"frame":212,"values":[0.9756,0.2195,0,0,0,0,-1,0,-0.2195,0.9756,0,0,-0.0501,0.4975,-0.0898,1]},
{"frame":213,"values":[0.9915,0.1305,0,0,0,0,-1,0,-0.1305,0.9915,0,0,-0.0296,0.4975,-0.0898,1]},
{"frame":214,"values":[1,0,0,0,0,0,-1,0,0,1,0,0,0,0.4975,-0.0898,1]},
{"frame":215,"values":[0.9915,-0.1305,0,0,0,0,-1,0,0.1305,0.9915,0,0,0.0296,0.4975,-0.0898,1]},
{"frame":216,"values":[0.9756,-0.2195,0,0,0,0,-1,0,0.2195,0.9756,0,0,0.0501,0.4975,-0.0898,1]},
{"frame":217,"values":[0.9684,-0.2495,0,0,0,0,-1,0,0.2495,0.9684,0,0,0.0572,0.4975,-0.0898,1]},
{"frame":218,"values":[0.9756,-0.2195,0,0,0,0,-1,0,0.2195,0.9756,0,0,0.0501,0.4975,-0.0898,1]},
{"frame":219,"values":[0.9915,-0.1305,0,0,0,0,-1,0,0.1305,0.9915,0,0,0.0296,0.4975,-0.0898,1]},
{"frame":220,"values":[1,0,0,0,0,0,-1,0,0,1,0,0,0,0.4975,-0.0898,1]},
{"frame":221,"values":[0.9915,0.1305,0,0,0,0,-1,0,-0.1305,0.9915,0,0,-0.0296,0.4975,-0.0898,1]},
{"frame":222,"values":[0.9756,0.2195,0,0,0,0,-1,0,-0.2195,0.9756,0,0,-0.0501,0.4975,-0.0898,1]},
{"frame":223,"values":[0.9684,0.2495,0,0,0,0,-1,0,-0.2495,0.9684,0,0,-0.0572,0.4975,-0.0898,1]},
{"frame":231,"values":[1,0,0,0,0,0,-1,0,0,1,0,0,0,0.5008,-0.0898,1]},
{"frame":238,"values":[1,0,0,0,0,0,-1,0,0,1,0,0,-0.0005,0.4796,-0.0942,1]},
{"frame":239,"values":[1,0,0,0,0,0,-1,0,0,1,0,0,-0.0018,0.4241,-0.1055,1]},
{"frame":240,"values":[1,0,0,0,0,0,-1,0,0,1,0,0,-0.0031,0.3687,-0.1169,1]},
{"frame":241,"values":[1,0,0,0,0,0,-1,0,0,1,0,0,-0.0036,0.3475,-0.1212,1]},
{"frame":242,"values":[1,0,0,0,0,0,-1,0,0,1,0,0,-0.0027,0.3845,-0.1136,1]},
{"frame":243,"values":[1,0,0,0,0,0,-1,0,0,1,0,0,-0.0009,0.4638,-0.0974,1]},
{"frame":244,"values":[1,0,0,0,0,0,-1,0,0,1,0,0,0,0.5008,-0.0898,1]},
{"frame":251,"values":[1,0,0,0,0,0,-1,0,0,1,0,0,0,0.5008,-0.0898,1]},
{"frame":263,"values":[1,0,0,0,0,0,-1,0,0,1,0,0,0,0.5008,-0.0898,1]}],"loopBehavior":1,"name":"anim","property":"_matrix"}},
{"name":"Mouth_end","index":2,"matrix":[1,0,0,0,0,1,0,0,0,0,1,0,0,0.304,0,1],"rest":[1,0,0,0,0,1,0,0,0,0,1,0,0,0.304,0,1],"parentBoneIndex":1,"length":0.304
,"animation":{"dataType":3,"framePerSecond":24,"keys":[
{"frame":1,"values":[1,0,0,0,0,1,0,0,0,0,1,0,0,0.304,0,1]},
{"frame":13,"values":[1,0,0,0,0,1,0,0,0,0,1,0,0,0.304,0,1]},
{"frame":21,"values":[1,0,0,0,0,1,0,0,0,0,1,0,0,0.304,0,1]},
{"frame":37,"values":[1,0,0,0,0,1,0,0,0,0,1,0,0,0.304,0,1]},
{"frame":51,"values":[1,0,0,0,0,1,0,0,0,0,1,0,0,0.304,0,1]},
{"frame":71,"values":[1,0,0,0,0,1,0,0,0,0,1,0,0,0.304,0,1]},
{"frame":81,"values":[1,0,0,0,0,1,0,0,0,0,1,0,0,0.304,0,1]},
{"frame":92,"values":[1,0,0,0,0,1,0,0,0,0,1,0,0,0.304,0,1]},
{"frame":101,"values":[1,0,0,0,0,1,0,0,0,0,1,0,0,0.304,0,1]},
{"frame":110,"values":[1,0,0,0,0,1,0,0,0,0,1,0,0,0.304,0,1]},
{"frame":121,"values":[1,0,0,0,0,1,0,0,0,0,1,0,0,0.304,0,1]},
{"frame":181,"values":[1,0,0,0,0,1,0,0,0,0,1,0,0,0.304,0,1]},
{"frame":191,"values":[1,0,0,0,0,1,0,0,0,0,1,0,0,0.304,0,1]},
{"frame":204,"values":[1,0,0,0,0,1,0,0,0,0,1,0,0,0.304,0,1]},
{"frame":211,"values":[1,0,0,0,0,1,0,0,0,0,1,0,0,0.304,0,1]},
{"frame":223,"values":[1,0,0,0,0,1,0,0,0,0,1,0,0,0.304,0,1]},
{"frame":231,"values":[1,0,0,0,0,1,0,0,0,0,1,0,0,0.304,0,1]},
{"frame":244,"values":[1,0,0,0,0,1,0,0,0,0,1,0,0,0.304,0,1]},
{"frame":251,"values":[1,0,0,0,0,1,0,0,0,0,1,0,0,0.304,0,1]},
{"frame":263,"values":[1,0,0,0,0,1,0,0,0,0,1,0,0,0.304,0,1]}],"loopBehavior":1,"name":"anim","property":"_matrix"}},
{"name":"Head","index":3,"matrix":[-1,0,0,0,0,1,0,0,0,0,1,0,0,0.4832,0,1],"rest":[-1,0,0,0,0,1,0,0,0,0,1,0,0,0.4729,0,1],"parentBoneIndex":-1,"length":0.6912
,"animation":{"dataType":3,"framePerSecond":24,"keys":[
{"frame":1,"values":[-1,0,0,0,0,1,0,0,0,0,1,0,0,0.4832,0,1]},
{"frame":2,"values":[-1,0,0,0,0,0.9998,-0.0212,0,0,0.0212,0.9998,0,0,0.4876,-0.0039,1]},
{"frame":3,"values":[-1,0,0,0,0,0.9937,-0.112,0,0,0.112,0.9937,0,0,0.5067,-0.0207,1]},
{"frame":4,"values":[-1,0,0,0,0,0.9235,-0.3836,0,0,0.3836,0.9235,0,0,0.5711,-0.0724,1]},
{"frame":5,"values":[-1,0,0,0,0,0.9465,-0.3227,0,0,0.3227,0.9465,0,0,0.5963,-0.0073,1]},
{"frame":6,"values":[-1,0,0,0,0,0.9877,-0.1562,0,0,0.1562,0.9877,0,0,0.6212,0.1629,1]},
{"frame":7,"values":[-1,0,0,0,0,0.9999,0.0148,0,0,-0.0148,0.9999,0,0,0.6381,0.3331,1]},
{"frame":8,"values":[-1,0,0,0,0,0.9968,0.0798,0,0,-0.0798,0.9968,0,0,0.6435,0.3982,1]},
{"frame":10,"values":[-1,0,0,0,0,0.9994,0.0345,0,0,-0.0345,0.9994,0,0,0.5524,0.1719,1]},
{"frame":11,"values":[-1,0,0,0,0,0.9999,0.0118,0,0,-0.0118,0.9999,0,0,0.5068,0.0587,1]},
{"frame":12,"values":[-1,0,0,0,0,1,0.0025,0,0,-0.0025,1,0,0,0.4881,0.0123,1]},
{"frame":13,"values":[-1,0,0,0,0,1,0,0,0,0,1,0,0,0.4832,0,1]},
{"frame":21,"values":[-1,0,0,0,0,0.9853,-0.1706,0,0,0.1706,0.9853,0,0,0.4729,0,1]},
{"frame":22,"values":[-1,0,0,0,0,0.9861,-0.1659,0,0,0.1659,0.9861,0,0,0.4729,0,1]},
{"frame":23,"values":[-1,0,0,0,0,0.9889,-0.1483,0,0,0.1483,0.9889,0,0,0.4729,0,1]},
{"frame":24,"values":[-1,0,0,0,0,0.9944,-0.1052,0,0,0.1052,0.9944,0,0,0.4729,0,1]},
{"frame":25,"values":[-1,0,0,0,0,0.9998,-0.0186,0,0,0.0186,0.9998,0,0,0.4729,0,1]},
{"frame":26,"values":[-1,0,0,0,0,0.9944,-0.1052,0,0,0.1052,0.9944,0,0,0.4729,0,1]},
{"frame":27,"values":[-1,0,0,0,0,0.9889,-0.1483,0,0,0.1483,0.9889,0,0,0.4729,0,1]},
{"frame":28,"values":[-1,0,0,0,0,0.9861,-0.1659,0,0,0.1659,0.9861,0,0,0.4729,0,1]},
{"frame":29,"values":[-1,0,0,0,0,0.9853,-0.1706,0,0,0.1706,0.9853,0,0,0.4729,0,1]},
{"frame":30,"values":[-1,0,0,0,0,0.9861,-0.1659,0,0,0.1659,0.9861,0,0,0.4729,0,1]},
{"frame":31,"values":[-1,0,0,0,0,0.9889,-0.1483,0,0,0.1483,0.9889,0,0,0.4729,0,1]},
{"frame":32,"values":[-1,0,0,0,0,0.9944,-0.1052,0,0,0.1052,0.9944,0,0,0.4729,0,1]},
{"frame":33,"values":[-1,0,0,0,0,0.9998,-0.0186,0,0,0.0186,0.9998,0,0,0.4729,0,1]},
{"frame":34,"values":[-1,0,0,0,0,0.9944,-0.1052,0,0,0.1052,0.9944,0,0,0.4729,0,1]},
{"frame":35,"values":[-1,0,0,0,0,0.9889,-0.1483,0,0,0.1483,0.9889,0,0,0.4729,0,1]},
{"frame":36,"values":[-1,0,0,0,0,0.9861,-0.1659,0,0,0.1659,0.9861,0,0,0.4729,0,1]},
{"frame":37,"values":[-1,0,0,0,0,0.9853,-0.1706,0,0,0.1706,0.9853,0,0,0.4729,0,1]},
{"frame":51,"values":[-0.8961,0.4438,0,0,0.4438,0.8961,0,0,0,0,1,0,0.0492,0.5345,0,1]},
{"frame":52,"values":[-0.9049,0.4255,0,0,0.4255,0.9049,0,0,0,0,1,0,0.047,0.5345,0,1]},
{"frame":53,"values":[-0.9293,0.3692,0,0,0.3692,0.9293,0,0,0,0,1,0,0.0404,0.5345,0,1]},
{"frame":54,"values":[-0.9618,0.2738,0,0,0.2738,0.9618,0,0,0,0,1,0,0.0298,0.5345,0,1]},
{"frame":55,"values":[-0.9896,0.1438,0,0,0.1438,0.9896,0,0,0,0,1,0,0.0158,0.5345,0,1]},
{"frame":56,"values":[-1,-0.0066,0,0,-0.0066,1,0,0,0,0,1,0,0,0.5345,0,1]},
{"frame":57,"values":[-0.9878,-0.1555,0,0,-0.1555,0.9878,0,0,0,0,1,0,-0.0158,0.5345,0,1]},
{"frame":58,"values":[-0.9595,-0.2817,0,0,-0.2817,0.9595,0,0,0,0,1,0,-0.0298,0.5345,0,1]},
{"frame":59,"values":[-0.9278,-0.3731,0,0,-0.3731,0.9278,0,0,0,0,1,0,-0.0404,0.5345,0,1]},
{"frame":60,"values":[-0.9045,-0.4265,0,0,-0.4265,0.9045,0,0,0,0,1,0,-0.047,0.5345,0,1]},
{"frame":61,"values":[-0.8961,-0.4438,0,0,-0.4438,0.8961,0,0,0,0,1,0,-0.0492,0.5345,0,1]},
{"frame":62,"values":[-0.9045,-0.4265,0,0,-0.4265,0.9045,0,0,0,0,1,0,-0.047,0.5345,0,1]},
{"frame":63,"values":[-0.9278,-0.3731,0,0,-0.3731,0.9278,0,0,0,0,1,0,-0.0404,0.5345,0,1]},
{"frame":64,"values":[-0.9595,-0.2817,0,0,-0.2817,0.9595,0,0,0,0,1,0,-0.0298,0.5345,0,1]},
{"frame":65,"values":[-0.9878,-0.1555,0,0,-0.1555,0.9878,0,0,0,0,1,0,-0.0158,0.5345,0,1]},
{"frame":66,"values":[-1,-0.0066,0,0,-0.0066,1,0,0,0,0,1,0,0,0.5345,0,1]},
{"frame":67,"values":[-0.9896,0.1438,0,0,0.1438,0.9896,0,0,0,0,1,0,0.0158,0.5345,0,1]},
{"frame":68,"values":[-0.9618,0.2738,0,0,0.2738,0.9618,0,0,0,0,1,0,0.0298,0.5345,0,1]},
{"frame":69,"values":[-0.9293,0.3692,0,0,0.3692,0.9293,0,0,0,0,1,0,0.0404,0.5345,0,1]},
{"frame":70,"values":[-0.9049,0.4255,0,0,0.4255,0.9049,0,0,0,0,1,0,0.047,0.5345,0,1]},
{"frame":71,"values":[-0.8961,0.4438,0,0,0.4438,0.8961,0,0,0,0,1,0,0.0492,0.5345,0,1]},
{"frame":81,"values":[-1,0,0,0,0,1,0,0,0,0,1,0,0,0.4832,0,1]},
{"frame":82,"values":[-1,0.0062,-0.0002,0,0.0062,1,0.0045,0,-0.0002,-0.0045,1,0,0,0.4841,0.0014,1]},
{"frame":83,"values":[-0.9995,0.033,-0.0008,0,0.0329,0.9992,0.0237,0,-0.0016,-0.0237,0.9997,0,0,0.4878,0.0076,1]},
{"frame":84,"values":[-0.9933,0.1154,0,0,0.115,0.9899,0.0832,0,-0.0096,-0.0826,0.9965,0,0,0.4993,0.0268,1]},
{"frame":85,"values":[-0.9998,0.0183,-0.0086,0,0.0181,0.9996,0.0237,0,-0.0091,-0.0235,0.9997,0,0,0.4964,0.0251,1]},
{"frame":86,"values":[-0.9968,-0.0802,-0.0062,0,-0.0787,0.9883,-0.1308,0,-0.0166,0.1298,0.9914,0,0,0.4912,0.0194,1]},
{"frame":87,"values":[-0.9992,-0.0401,0.0009,0,-0.0382,0.9448,-0.3253,0,-0.0122,0.3251,0.9456,0,0,0.486,0.0112,1]},
{"frame":88,"values":[-1,0,0,0,0,0.8451,-0.5346,0,0,0.5346,0.8451,0,0,0.4832,0,1]},
{"frame":89,"values":[-1,0,0,0,0,0.6704,-0.742,0,0,0.742,0.6704,0,0,0.4995,-0.0153,1]},
{"frame":90,"values":[-1,0,0,0,0,0.3916,-0.9201,0,0,0.9201,0.3916,0,0,0.5421,-0.0347,1]},
{"frame":91,"values":[-1,0,0,0,0,0.1434,-0.9897,0,0,0.9897,0.1434,0,0,0.5848,-0.0501,1]},
{"frame":92,"values":[-1,0,0,0,0,0.0564,-0.9984,0,0,0.9984,0.0564,0,0,0.6011,-0.0555,1]},
{"frame":101,"values":[-1,0,0,0,0,1,0,0,0,0,1,0,0,0.4832,0,1]},
{"frame":102,"values":[-1,0,0,0,0,0.9997,-0.0247,0,0,0.0247,0.9997,0,0,0.4829,-0.0016,1]},
{"frame":103,"values":[-1,0,0,0,0,0.9915,-0.1305,0,0,0.1305,0.9915,0,0,0.4827,-0.0085,1]},
{"frame":104,"values":[-1,0,0,0,0,0.8964,-0.4433,0,0,0.4433,0.8964,0,0,0.4814,-0.0297,1]},
{"frame":105,"values":[-1,0,0,0,0,0.9498,-0.3128,0,0,0.3128,0.9498,0,0,0.4819,-0.0206,1]},
{"frame":106,"values":[-1,0,0,0,0,0.9867,-0.1625,0,0,0.1625,0.9867,0,0,0.4825,-0.0106,1]},
{"frame":107,"values":[-1,0,0,0,0,0.997,-0.0771,0,0,0.0771,0.997,0,0,0.4827,-0.005,1]},
{"frame":108,"values":[-1,0,0,0,0,0.9996,-0.0299,0,0,0.0299,0.9996,0,0,0.4829,-0.0019,1]},
{"frame":109,"values":[-1,0,0,0,0,1,-0.0067,0,0,0.0067,1,0,0,0.483,-0.0004,1]},
{"frame":110,"values":[-1,0,0,0,0,1,0,0,0,0,1,0,0,0.4832,0,1]},
{"frame":121,"values":[-1,0,0,0,0,1,0,0,0,0,1,0,0,0.4832,0,1]},
{"frame":122,"values":[-1,0,0,0,0,1,0,0,0,0,1,0,0,0.4835,0,1]},
{"frame":123,"values":[-1,0,0,0,0,1,0,0,0,0,1,0,0,0.4839,0,1]},
{"frame":124,"values":[-1,0,0,0,0,1,0,0,0,0,1,0,0,0.4842,0,1]},
{"frame":125,"values":[-1,0,0,0,0,1,0,0,0,0,1,0,0,0.485,0,1]},
{"frame":126,"values":[-1,0,0,0,0,1,0,0,0,0,1,0,0,0.486,0,1]},
{"frame":127,"values":[-1,0,0,0,0,1,0,0,0,0,1,0,0,0.4872,0,1]},
{"frame":128,"values":[-1,0,0,0,0,1,0,0,0,0,1,0,0,0.4886,0,1]},
{"frame":129,"values":[-1,0,0,0,0,1,0,0,0,0,1,0,0,0.4903,0,1]},
{"frame":130,"values":[-1,0,0,0,0,1,0,0,0,0,1,0,0,0.4921,0,1]},
{"frame":131,"values":[-1,0,0,0,0,1,0,0,0,0,1,0,0,0.4941,0,1]},
{"frame":132,"values":[-1,0,0,0,0,1,0,0,0,0,1,0,0,0.4963,0,1]},
{"frame":133,"values":[-1,0,0,0,0,1,0,0,0,0,1,0,0,0.4985,0,1]},
{"frame":134,"values":[-1,0,0,0,0,1,0,0,0,0,1,0,0,0.5009,0,1]},
{"frame":135,"values":[-1,0,0,0,0,1,0,0,0,0,1,0,0,0.5033,0,1]},
{"frame":136,"values":[-1,0,0,0,0,1,0,0,0,0,1,0,0,0.5058,0,1]},
{"frame":137,"values":[-1,0,0,0,0,1,0,0,0,0,1,0,0,0.5083,0,1]},
{"frame":138,"values":[-1,0,0,0,0,1,0,0,0,0,1,0,0,0.5107,0,1]},
{"frame":139,"values":[-1,0,0,0,0,1,0,0,0,0,1,0,0,0.5131,0,1]},
{"frame":140,"values":[-1,0,0,0,0,1,0,0,0,0,1,0,0,0.5153,0,1]},
{"frame":141,"values":[-1,0,0,0,0,1,0,0,0,0,1,0,0,0.5175,0,1]},
{"frame":142,"values":[-1,0,0,0,0,1,0,0,0,0,1,0,0,0.5195,0,1]},
{"frame":143,"values":[-1,0,0,0,0,1,0,0,0,0,1,0,0,0.5213,0,1]},
{"frame":144,"values":[-1,0,0,0,0,1,0,0,0,0,1,0,0,0.5229,0,1]},
{"frame":145,"values":[-1,0,0,0,0,1,0,0,0,0,1,0,0,0.5244,0,1]},
{"frame":146,"values":[-1,0,0,0,0,1,0,0,0,0,1,0,0,0.5256,0,1]},
{"frame":147,"values":[-1,0,0,0,0,1,0,0,0,0,1,0,0,0.5265,0,1]},
{"frame":148,"values":[-1,0,0,0,0,1,0,0,0,0,1,0,0,0.5274,0,1]},
{"frame":149,"values":[-1,0,0,0,0,1,0,0,0,0,1,0,0,0.5272,0,1]},
{"frame":150,"values":[-1,0,0,0,0,1,0,0,0,0,1,0,0,0.5269,0,1]},
{"frame":151,"values":[-1,0,0,0,0,1,0,0,0,0,1,0,0,0.5267,0,1]},
{"frame":152,"values":[-1,0,0,0,0,1,0,0,0,0,1,0,0,0.5265,0,1]},
{"frame":153,"values":[-1,0,0,0,0,1,0,0,0,0,1,0,0,0.5263,0,1]},
{"frame":154,"values":[-1,0,0,0,0,1,0,0,0,0,1,0,0,0.526,0,1]},
{"frame":155,"values":[-1,0,0,0,0,1,0,0,0,0,1,0,0,0.5258,0,1]},
{"frame":156,"values":[-1,0,0,0,0,1,0,0,0,0,1,0,0,0.5256,0,1]},
{"frame":157,"values":[-1,0,0,0,0,1,0,0,0,0,1,0,0,0.5244,0,1]},
{"frame":158,"values":[-1,0,0,0,0,1,0,0,0,0,1,0,0,0.5229,0,1]},
{"frame":159,"values":[-1,0,0,0,0,1,0,0,0,0,1,0,0,0.5213,0,1]},
{"frame":160,"values":[-1,0,0,0,0,1,0,0,0,0,1,0,0,0.5195,0,1]},
{"frame":161,"values":[-1,0,0,0,0,1,0,0,0,0,1,0,0,0.5175,0,1]},
{"frame":162,"values":[-1,0,0,0,0,1,0,0,0,0,1,0,0,0.5153,0,1]},
{"frame":163,"values":[-1,0,0,0,0,1,0,0,0,0,1,0,0,0.5131,0,1]},
{"frame":164,"values":[-1,0,0,0,0,1,0,0,0,0,1,0,0,0.5107,0,1]},
{"frame":165,"values":[-1,0,0,0,0,1,0,0,0,0,1,0,0,0.5083,0,1]},
{"frame":166,"values":[-1,0,0,0,0,1,0,0,0,0,1,0,0,0.5058,0,1]},
{"frame":167,"values":[-1,0,0,0,0,1,0,0,0,0,1,0,0,0.5033,0,1]},
{"frame":168,"values":[-1,0,0,0,0,1,0,0,0,0,1,0,0,0.5009,0,1]},
{"frame":169,"values":[-1,0,0,0,0,1,0,0,0,0,1,0,0,0.4985,0,1]},
{"frame":170,"values":[-1,0,0,0,0,1,0,0,0,0,1,0,0,0.4963,0,1]},
{"frame":171,"values":[-1,0,0,0,0,1,0,0,0,0,1,0,0,0.4941,0,1]},
{"frame":172,"values":[-1,0,0,0,0,1,0,0,0,0,1,0,0,0.4921,0,1]},
{"frame":173,"values":[-1,0,0,0,0,1,0,0,0,0,1,0,0,0.4903,0,1]},
{"frame":174,"values":[-1,0,0,0,0,1,0,0,0,0,1,0,0,0.4886,0,1]},
{"frame":175,"values":[-1,0,0,0,0,1,0,0,0,0,1,0,0,0.4872,0,1]},
{"frame":176,"values":[-1,0,0,0,0,1,0,0,0,0,1,0,0,0.486,0,1]},
{"frame":177,"values":[-1,0,0,0,0,1,0,0,0,0,1,0,0,0.485,0,1]},
{"frame":178,"values":[-1,0,0,0,0,1,0,0,0,0,1,0,0,0.4843,0,1]},
{"frame":179,"values":[-1,0,0,0,0,1,0,0,0,0,1,0,0,0.4836,0,1]},
{"frame":180,"values":[-1,0,0,0,0,1,0,0,0,0,1,0,0,0.4834,0,1]},
{"frame":181,"values":[-1,0,0,0,0,1,0,0,0,0,1,0,0,0.4832,0,1]},
{"frame":191,"values":[-1,0,0,0,0,1,0,0,0,0,1,0,0,0.4729,0,1]},
{"frame":192,"values":[-1,0,0,0,0,0.999,0.0446,0,0,-0.0446,0.999,0,0,0.4406,0,1]},
{"frame":193,"values":[-1,0,0,0,0,0.996,0.0891,0,0,-0.0891,0.996,0,0,0.4082,0,1]},
{"frame":194,"values":[-1,0,0,0,0,0.9973,0.0733,0,0,-0.0733,0.9973,0,0,0.4515,0,1]},
{"frame":195,"values":[-1,0,0,0,0,0.9996,0.0288,0,0,-0.0288,0.9996,0,0,0.5733,0,1]},
{"frame":196,"values":[-1,0,0,0,0,0.9996,-0.0286,0,0,0.0286,0.9996,0,0,0.7297,0,1]},
{"frame":197,"values":[-1,0,0,0,0,0.9973,-0.0732,0,0,0.0732,0.9973,0,0,0.8515,0,1]},
{"frame":198,"values":[-1,0,0,0,0,0.996,-0.089,0,0,0.089,0.996,0,0,0.8948,0,1]},
{"frame":201,"values":[-1,0,0,0,0,0.9971,-0.0767,0,0,0.0767,0.9971,0,0,0.8364,0,1]},
{"frame":202,"values":[-1,0,0,0,0,0.999,-0.0445,0,0,0.0445,0.999,0,0,0.6838,0,1]},
{"frame":203,"values":[-1,0,0,0,0,0.9999,-0.0123,0,0,0.0123,0.9999,0,0,0.5312,0,1]},
{"frame":204,"values":[-1,0,0,0,0,1,0,0,0,0,1,0,0,0.4729,0,1]},
{"frame":211,"values":[-0.9776,0,0.2104,0,0,1,0,0,0.2104,0,0.9776,0,0,0.4729,0,1]},
{"frame":212,"values":[-0.9797,0,0.2006,0,0,1,0,0,0.2006,0,0.9797,0,0,0.4729,0,1]},
{"frame":213,"values":[-0.9864,0,0.1641,0,0,1,0,0,0.1641,0,0.9864,0,0,0.4729,0,1]},
{"frame":214,"values":[-0.996,0,0.0894,0,0,1,0,0,0.0894,0,0.996,0,0,0.4729,0,1]},
{"frame":215,"values":[-1,0,-0.0091,0,0,1,0,0,-0.0091,0,1,0,0,0.4729,0,1]},
{"frame":216,"values":[-0.9973,0,-0.0735,0,0,1,0,0,-0.0735,0,0.9973,0,0,0.4729,0,1]},
{"frame":217,"values":[-0.9958,0,-0.0914,0,0,1,0,0,-0.0914,0,0.9958,0,0,0.4729,0,1]},
{"frame":218,"values":[-0.9968,0,-0.0805,0,0,1,0,0,-0.0805,0,0.9968,0,0,0.4729,0,1]},
{"frame":219,"values":[-0.9992,0,-0.039,0,0,1,0,0,-0.039,0,0.9992,0,0,0.4729,0,1]},
{"frame":220,"values":[-0.9991,0,0.0432,0,0,1,0,0,0.0432,0,0.9991,0,0,0.4729,0,1]},
{"frame":221,"values":[-0.9903,0,0.139,0,0,1,0,0,0.139,0,0.9903,0,0,0.4729,0,1]},
{"frame":222,"values":[-0.9807,0,0.1953,0,0,1,0,0,0.1953,0,0.9807,0,0,0.4729,0,1]},
{"frame":223,"values":[-0.9776,0,0.2104,0,0,1,0,0,0.2104,0,0.9776,0,0,0.4729,0,1]},
{"frame":231,"values":[-1,0,0,0,0,1,0,0,0,0,1,0,0,0.4729,0,1]},
{"frame":232,"values":[-1,0,0,0,0,0.999,0.0446,0,0,-0.0446,0.999,0,0,0.4406,0,1]},
{"frame":233,"values":[-1,0,0,0,0,0.996,0.0891,0,0,-0.0891,0.996,0,0,0.4082,0,1]},
{"frame":234,"values":[-1,0,0,0,0,0.9974,0.0721,0,0,-0.0721,0.9974,0,0,0.4305,0,1]},
{"frame":235,"values":[-1,0,0,0,0,0.9997,0.0239,0,0,-0.0239,0.9997,0,0,0.493,0,1]},
{"frame":236,"values":[-1,0,0,0,0,0.9993,-0.0381,0,0,0.0381,0.9993,0,0,0.5734,0,1]},
{"frame":237,"values":[-1,0,0,0,0,0.9963,-0.0862,0,0,0.0862,0.9963,0,0,0.6359,0,1]},
{"frame":238,"values":[-1,0,0,0,0,0.9947,-0.1032,0,0,0.1032,0.9947,0,0,0.6582,0,1]},
{"frame":239,"values":[-1,0,0,0,0,0.996,-0.089,0,0,0.089,0.996,0,0,0.6305,0,1]},
{"frame":240,"values":[-1,0,0,0,0,0.9987,-0.0517,0,0,0.0517,0.9987,0,0,0.558,0,1]},
{"frame":241,"values":[-1,0,0,0,0,0.9999,-0.0143,0,0,0.0143,0.9999,0,0,0.4856,0,1]},
{"frame":242,"values":[-1,0,0,0,0,1,0,0,0,0,1,0,0,0.4579,0,1]},
{"frame":243,"values":[-1,0,0,0,0,1,0,0,0,0,1,0,0,0.4654,0,1]},
{"frame":244,"values":[-1,0,0,0,0,1,0,0,0,0,1,0,0,0.4729,0,1]},
{"frame":251,"values":[-1,0,0,0,0,0.9847,0.1744,0,0,-0.1744,0.9847,0,0,0.4729,0,1]},
{"frame":252,"values":[-1,0,0,0,0,0.9865,0.1635,0,0,-0.1635,0.9865,0,0,0.4729,0,1]},
{"frame":253,"values":[-1,0,0,0,0,0.9924,0.1229,0,0,-0.1229,0.9924,0,0,0.4729,0,1]},
{"frame":254,"values":[-1,0,0,0,0,0.9991,0.0429,0,0,-0.0429,0.9991,0,0,0.4729,0,1]},
{"frame":255,"values":[-1,0,0,0,0,0.9988,-0.0489,0,0,0.0489,0.9988,0,0,0.4729,0,1]},
{"frame":256,"values":[-1,0,0,0,0,0.9948,-0.1023,0,0,0.1023,0.9948,0,0,0.4729,0,1]},
{"frame":257,"values":[-1,0,0,0,0,0.9932,-0.1168,0,0,0.1168,0.9932,0,0,0.4729,0,1]},
{"frame":258,"values":[-1,0,0,0,0,0.9948,-0.1023,0,0,0.1023,0.9948,0,0,0.4729,0,1]},
{"frame":259,"values":[-1,0,0,0,0,0.9988,-0.0489,0,0,0.0489,0.9988,0,0,0.4729,0,1]},
{"frame":260,"values":[-1,0,0,0,0,0.9991,0.0429,0,0,-0.0429,0.9991,0,0,0.4729,0,1]},
{"frame":261,"values":[-1,0,0,0,0,0.9924,0.1229,0,0,-0.1229,0.9924,0,0,0.4729,0,1]},
{"frame":262,"values":[-1,0,0,0,0,0.9865,0.1635,0,0,-0.1635,0.9865,0,0,0.4729,0,1]},
{"frame":263,"values":[-1,0,0,0,0,0.9847,0.1744,0,0,-0.1744,0.9847,0,0,0.4729,0,1]}],"loopBehavior":1,"name":"anim","property":"_matrix"}},
{"name":"Head2","index":4,"matrix":[1,0,0,0,0,1,0,0,0,0,1,0,0,0.5166,0,1],"rest":[1,0,0,0,0,1,0,0,0,0,1,0,0,0.5166,0,1],"parentBoneIndex":3,"length":0.3901
,"animation":{"dataType":3,"framePerSecond":24,"keys":[
{"frame":1,"values":[1,0,0,0,0,1,0,0,0,0,1,0,0,0.5166,0,1]},
{"frame":13,"values":[1,0,0,0,0,1,0,0,0,0,1,0,0,0.5166,0,1]},
{"frame":21,"values":[1,0,0,0,0,1,0,0,0,0,1,0,0,0.5166,0,1]},
{"frame":37,"values":[1,0,0,0,0,1,0,0,0,0,1,0,0,0.5166,0,1]},
{"frame":51,"values":[1,0,0,0,0,1,0,0,0,0,1,0,0,0.5166,0,1]},
{"frame":52,"values":[0.9994,0.0356,0,0,-0.0356,0.9994,0,0,0,0,1,0,0,0.5166,0,1]},
{"frame":53,"values":[0.9937,0.1117,0,0,-0.1117,0.9937,0,0,0,0,1,0,0,0.5166,0,1]},
{"frame":54,"values":[0.9891,0.1471,0,0,-0.1471,0.9891,0,0,0,0,1,0,0,0.5166,0,1]},
{"frame":55,"values":[0.9892,0.1464,0,0,-0.1464,0.9892,0,0,0,0,1,0,0,0.5166,0,1]},
{"frame":56,"values":[0.9897,0.1429,0,0,-0.1429,0.9897,0,0,0,0,1,0,0,0.5166,0,1]},
{"frame":57,"values":[0.991,0.1336,0,0,-0.1336,0.991,0,0,0,0,1,0,0,0.5166,0,1]},
{"frame":58,"values":[0.9933,0.1154,0,0,-0.1154,0.9933,0,0,0,0,1,0,0,0.5166,0,1]},
{"frame":59,"values":[0.9962,0.0866,0,0,-0.0866,0.9962,0,0,0,0,1,0,0,0.5166,0,1]},
{"frame":60,"values":[0.9989,0.0476,0,0,-0.0476,0.9989,0,0,0,0,1,0,0,0.5166,0,1]},
{"frame":61,"values":[1,0,0,0,0,1,0,0,0,0,1,0,0,0.5166,0,1]},
{"frame":62,"values":[0.997,-0.0777,0,0,0.0777,0.997,0,0,0,0,1,0,0,0.5166,0,1]},
{"frame":63,"values":[0.9815,-0.1916,0,0,0.1916,0.9815,0,0,0,0,1,0,0,0.5166,0,1]},
{"frame":64,"values":[0.958,-0.2867,0,0,0.2867,0.958,0,0,0,0,1,0,0,0.5166,0,1]},
{"frame":65,"values":[0.9474,-0.3201,0,0,0.3201,0.9474,0,0,0,0,1,0,0,0.5166,0,1]},
{"frame":66,"values":[0.9536,-0.301,0,0,0.301,0.9536,0,0,0,0,1,0,0,0.5166,0,1]},
{"frame":67,"values":[0.9696,-0.2447,0,0,0.2447,0.9696,0,0,0,0,1,0,0,0.5166,0,1]},
{"frame":68,"values":[0.9868,-0.1622,0,0,0.1622,0.9868,0,0,0,0,1,0,0,0.5166,0,1]},
{"frame":69,"values":[0.9969,-0.0785,0,0,0.0785,0.9969,0,0,0,0,1,0,0,0.5166,0,1]},
{"frame":70,"values":[0.9998,-0.0201,0,0,0.0201,0.9998,0,0,0,0,1,0,0,0.5166,0,1]},
{"frame":71,"values":[1,0,0,0,0,1,0,0,0,0,1,0,0,0.5166,0,1]},
{"frame":81,"values":[1,0,0,0,0,1,0,0,0,0,1,0,0,0.5166,0,1]},
{"frame":92,"values":[1,0,0,0,0,1,0,0,0,0,1,0,0,0.5166,0,1]},
{"frame":101,"values":[1,0,0,0,0,1,0,0,0,0,1,0,0,0.5166,0,1]},
{"frame":110,"values":[1,0,0,0,0,1,0,0,0,0,1,0,0,0.5166,0,1]},
{"frame":121,"values":[1,0,0,0,0,1,0,0,0,0,1,0,0,0.5166,0,1]},
{"frame":181,"values":[1,0,0,0,0,1,0,0,0,0,1,0,0,0.5166,0,1]},
{"frame":191,"values":[1,0,0,0,0,1,0,0,0,0,1,0,0,0.5166,0,1]},
{"frame":204,"values":[1,0,0,0,0,1,0,0,0,0,1,0,0,0.5166,0,1]},
{"frame":211,"values":[1,0,0,0,0,1,0,0,0,0,1,0,0,0.5166,0,1]},
{"frame":223,"values":[1,0,0,0,0,1,0,0,0,0,1,0,0,0.5166,0,1]},
{"frame":231,"values":[1,0,0,0,0,1,0,0,0,0,1,0,0,0.5166,0,1]},
{"frame":244,"values":[1,0,0,0,0,1,0,0,0,0,1,0,0,0.5166,0,1]},
{"frame":251,"values":[1,0,0,0,0,1,0,0,0,0,1,0,0,0.5166,0,1]},
{"frame":263,"values":[1,0,0,0,0,1,0,0,0,0,1,0,0,0.5166,0,1]}],"loopBehavior":1,"name":"anim","property":"_matrix"}},
{"name":"Head3","index":5,"matrix":[1,-0.0053,0,0,0.0053,1,0,0,0,0,1,0,0,0.3901,0,1],"rest":[1,0,0,0,0,1,0,0,0,0,1,0,0,0.3901,0,1],"parentBoneIndex":4,"length":0.3584
,"animation":{"dataType":3,"framePerSecond":24,"keys":[
{"frame":1,"values":[1,-0.0053,0,0,0.0053,1,0,0,0,0,1,0,0,0.3901,0,1]},
{"frame":2,"values":[1,-0.0079,0,0,0.0079,1,0,0,0,0,1,0,0,0.3901,0,1]},
{"frame":3,"values":[1,-0.0084,0,0,0.0084,1,0,0,0,0,1,0,0,0.3901,0,1]},
{"frame":4,"values":[1,-0.0059,0,0,0.0059,1,0,0,0,0,1,0,0,0.3901,0,1]},
{"frame":5,"values":[1,-0.0036,0,0,0.0036,1,0,0,0,0,1,0,0,0.3901,0,1]},
{"frame":6,"values":[1,-0.0053,0,0,0.0053,1,0,0,0,0,1,0,0,0.3901,0,1]},
{"frame":7,"values":[1,-0.0081,-0.0001,0,0.0081,0.9998,0.0169,0,0,-0.0169,0.9999,0,0,0.3901,0,1]},
{"frame":8,"values":[1,-0.0089,-0.0006,0,0.0089,0.9958,0.0913,0,-0.0002,-0.0913,0.9958,0,0,0.3901,0,1]},
{"frame":9,"values":[1,-0.004,-0.0011,0,0.0041,0.9654,0.2609,0,0,-0.2609,0.9654,0,0,0.3901,0,1]},
{"frame":10,"values":[1,-0.0008,-0.0004,0,0.0009,0.9894,0.1452,0,0.0002,-0.1452,0.9894,0,0,0.3901,0,1]},
{"frame":11,"values":[1,-0.0004,-0.0001,0,0.0004,0.9988,0.049,0,0.0001,-0.049,0.9988,0,0,0.3901,0,1]},
{"frame":12,"values":[1,-0.0023,0,0,0.0023,0.9999,0.01,0,0,-0.01,0.9999,0,0,0.3901,0,1]},
{"frame":13,"values":[1,-0.0053,0,0,0.0053,1,0,0,0,0,1,0,0,0.3901,0,1]},
{"frame":21,"values":[1,0,0,0,0,1,0,0,0,0,1,0,0,0.3901,0,1]},
{"frame":22,"values":[1,-0.0033,0,0,0.0033,1,0.0038,0,0,-0.0038,1,0,0,0.3901,0,1]},
{"frame":23,"values":[1,-0.0063,-0.0001,0,0.0063,0.9998,0.0178,0,0,-0.0178,0.9998,0,0,0.3901,0,1]},
{"frame":24,"values":[1,-0.0089,-0.0005,0,0.0089,0.9988,0.0486,0,0,-0.0486,0.9988,0,0,0.3901,0,1]},
{"frame":25,"values":[0.9999,-0.0103,-0.0011,0,0.0104,0.9943,0.1065,0,0,-0.1065,0.9943,0,0,0.3901,0,1]},
{"frame":26,"values":[1,-0.0098,-0.0014,0,0.0099,0.9893,0.1455,0,0,-0.1455,0.9894,0,0,0.3901,0,1]},
{"frame":27,"values":[1,-0.0017,-0.0005,0,0.0017,0.9968,0.0805,0,0.0003,-0.0805,0.9968,0,0,0.3901,0,1]},
{"frame":28,"values":[1,0.0028,-0.0001,0,-0.0028,0.9996,0.0271,0,0.0002,-0.0271,0.9996,0,0,0.3901,0,1]},
{"frame":29,"values":[1,0.0026,0,0,-0.0026,1,0.0055,0,0,-0.0055,1,0,0,0.3901,0,1]},
{"frame":30,"values":[1,0,0,0,0,1,0,0,0,0,1,0,0,0.3901,0,1]},
{"frame":31,"values":[1,-0.0033,0,0,0.0033,1,0.0055,0,0,-0.0055,1,0,0,0.3901,0,1]},
{"frame":32,"values":[1,-0.0064,-0.0002,0,0.0065,0.9996,0.0271,0,0,-0.0271,0.9996,0,0,0.3901,0,1]},
{"frame":33,"values":[1,-0.0091,-0.0008,0,0.0091,0.9967,0.0805,0,0,-0.0805,0.9968,0,0,0.3901,0,1]},
{"frame":34,"values":[1,-0.0098,-0.0014,0,0.0099,0.9893,0.1455,0,0,-0.1455,0.9894,0,0,0.3901,0,1]},
{"frame":35,"values":[1,0.0003,-0.0002,0,-0.0003,0.9987,0.0506,0,0.0003,-0.0506,0.9987,0,0,0.3901,0,1]},
{"frame":36,"values":[1,0.0022,0,0,-0.0022,1,0.0093,0,0.0001,-0.0093,1,0,0,0.3901,0,1]},
{"frame":37,"values":[1,0,0,0,0,1,0,0,0,0,1,0,0,0.3901,0,1]},
{"frame":51,"values":[1,0,0,0,0,1,0,0,0,0,1,0,0,0.3901,0,1]},
{"frame":71,"values":[1,0,0,0,0,1,0,0,0,0,1,0,0,0.3901,0,1]},
{"frame":81,"values":[1,-0.0053,0,0,0.0053,1,0,0,0,0,1,0,0,0.3901,0,1]},
{"frame":92,"values":[1,-0.0053,0,0,0.0053,1,0,0,0,0,1,0,0,0.3901,0,1]},
{"frame":101,"values":[1,-0.0053,0,0,0.0053,1,0,0,0,0,1,0,0,0.3901,0,1]},
{"frame":102,"values":[1,-0.0083,0.0001,0,0.0083,0.9999,-0.0086,0,0,0.0086,1,0,0,0.3901,0,1]},
{"frame":103,"values":[0.9999,-0.0106,0.0003,0,0.0106,0.9991,-0.0404,0,0.0001,0.0404,0.9992,0,0,0.3901,0,1]},
{"frame":104,"values":[0.9999,-0.0114,0.0009,0,0.0114,0.9938,-0.1104,0,0.0003,0.1104,0.9939,0,0,0.3901,0,1]},
